Wavelength(nm),Intensities
300.0000024,1042.4
301.0000024,1044.0
302.0000024,1059.8
303.0000024,1052.6
304.0000024,1047.0
305.0000024,1067.8
306.0000024,1055.4
307.0000024,1062.0
308.0000024,1045.6
309.0000024,1051.8
310.0000024,1072.6
311.0000024,1051.4
312.0000024,1063.8
313.0000024,1059.0
314.0000024,1075.6
315.0000024,1066.4
316.0000024,1047.2
317.0000024,1059.8
318.0000024,1075.2
319.0000024,1107.6
320.0000024,1041.8
321.0000024,1082.4
322.0000024,1056.0
323.0000024,1056.0
324.0000024,1049.6
325.0000024,1052.8
326.0000024,1046.8
327.0000024,1046.6
328.0000024,1046.8
329.0000024,1047.2
330.0000024,1087.8
331.0000024,1063.4
332.0000024,1056.0
333.0000024,1061.2
334.0000024,1080.2
335.0000024,1070.4
336.0000024,1083.0
337.0000024,1088.0
338.0000024,1091.2
339.0000024,1109.8
340.0000024,1100.2
341.0000024,1108.2
342.0000024,1127.2
343.0000024,1108.0
344.0000024,1122.8
345.0000024,1125.8
346.0000024,1133.2
347.0000024,1122.0
348.0000024,1156.4
349.0000024,1146.6
350.0000024,1131.2
351.0000024,1183.4
352.0000024,1195.2
353.0000024,1156.2
354.0000024,1208.6
355.0000024,1191.6
356.0000024,1187.0
357.0000024,1202.8
358.0000024,1200.6
359.0000024,1201.4
360.0000024,1216.6
361.0000024,1210.2
362.0000024,1195.8
363.0000024,1225.6
364.0000024,1234.6
365.0000024,1278.0
366.0000024,1280.2
367.0000024,1257.0
368.0000024,1282.6
369.0000024,1299.4
370.0000024,1268.2
371.0000024,1298.2
372.0000024,1288.2
373.0000024,1289.4
374.0000024,1311.6
375.0000024,1352.4
376.0000024,1362.2
377.0000024,1396.0
378.0000024,1386.4
379.0000024,1423.0
380.0000024,1436.8
381.0000024,1452.4
382.0000024,1443.8
383.0000024,1471.6
384.0000024,1473.8
385.0000024,1522.6
386.0000024,1557.6
387.0000024,1542.0
388.0000024,1559.0
389.0000024,1593.6
390.0000024,1625.4
391.0000024,1622.0
392.0000024,1639.2
393.0000024,1660.8
394.0000024,1671.8
395.0000024,1705.4
396.0000024,1711.6
397.0000024,1735.2
398.0000024,1739.2
399.0000024,1768.6
400.0000024,1763.2
401.0000024,1777.8
402.0000024,1793.8
403.0000024,1832.6
404.0000024,1726.8
405.0000024,1832.6
406.0000024,1672.6
407.0000024,1818.4
408.0000024,1860.2
409.0000024,1830.8
410.0000024,1391.4
411.0000024,1233.2
412.0000024,1338.6
413.0000024,1353.6
414.0000024,1521.0
415.0000024,1705.2
416.0000024,1787.0
417.0000024,1826.8
418.0000024,1974.8
419.0000024,2070.0
420.0000024,2114.0
421.0000024,2107.8
422.0000024,2101.2
423.0000024,2071.0
424.0000024,2104.2
425.0000024,2058.6
426.0000024,2061.8
427.0000024,2055.6
428.0000024,2003.4
429.0000024,1989.0
430.0000024,1971.4
431.0000024,1986.4
432.0000024,1906.4
433.0000024,1883.8
434.0000024,1853.0
435.0000024,1847.2
436.0000024,2027.0
437.0000024,1892.6
438.0000024,1837.8
439.0000024,1800.4
440.0000024,1764.4
441.0000024,1756.2
442.0000024,1721.4
443.0000024,1711.4
444.0000024,1717.4
445.0000024,1718.2
446.0000024,1729.6
447.0000024,1731.6
448.0000024,1707.0
449.0000024,1730.0
450.0000024,1735.2
451.0000024,1360.4
452.0000024,1243.2
453.0000024,1328.0
454.0000024,1364.6
455.0000024,1430.4
456.0000024,1576.2
457.0000024,1709.6
458.0000024,1796.2
459.0000024,1855.2
460.0000024,1884.8
461.0000024,1919.2
462.0000024,1939.8
463.0000024,1969.8
464.0000024,1977.4
465.0000024,1994.2
466.0000024,2001.2
467.0000024,1973.4
468.0000024,2007.6
469.0000024,2017.8
470.0000024,2015.2
471.0000024,2055.0
472.0000024,2114.6
473.0000024,2025.8
474.0000024,2029.0
475.0000024,2080.0
476.0000024,2115.6
477.0000024,2060.4
478.0000024,2113.0
479.0000024,2093.8
480.0000024,2106.4
481.0000024,2071.4
482.0000024,2078.4
483.0000024,2110.0
484.0000024,2094.2
485.0000024,2080.6
486.0000024,2183.8
487.0000024,2139.2
488.0000024,2175.4
489.0000024,2178.0
490.0000024,2185.4
491.0000024,2158.4
492.0000024,2193.2
493.0000024,2221.8
494.0000024,2335.6
495.0000024,2315.2
496.0000024,2275.6
497.0000024,2311.8
498.0000024,2405.0
499.0000024,2392.4
500.0000024,2373.6
501.0000024,2367.0
502.0000024,2342.0
503.0000024,2366.6
504.0000024,2387.8
505.0000024,2347.4
506.0000024,2330.0
507.0000024,2307.4
508.0000024,2247.2
509.0000024,2270.8
510.0000024,2214.2
511.0000024,2215.8
512.0000024000001,2212.0
513.0000024000001,2383.6
514.0000024000001,2222.8
515.0000024000001,2271.2
516.0000024000001,2326.8
517.0000024000001,2400.4
518.0000024000001,2467.6
519.0000024000001,2425.8
520.0000024000001,2372.0
521.0000024000001,2378.4
522.0000024000001,2492.2
523.0000024000001,2382.6
524.0000024000001,2326.2
525.0000024000001,2271.2
526.0000024000001,2219.8
527.0000024000001,2180.6
528.0000024000001,2201.2
529.0000024000001,2238.0
530.0000024000001,2335.6
531.0000024000001,2181.0
532.0000024000001,2258.2
533.0000024000001,2370.8
534.0000024000001,2271.2
535.0000024000001,2246.4
536.0000024000001,2532.0
537.0000024000001,2294.2
538.0000024000001,2384.4
539.0000024000001,2341.4
540.0000024000001,2370.6
541.0000024000001,2431.0
542.0000024000001,2375.0
543.0000024000001,2371.6
544.0000024000001,2396.6
545.0000024000001,2505.8
546.0000024000001,2934.2
547.0000024000001,2653.2
548.0000024000001,2612.0
549.0000024000001,2556.0
550.0000024000001,2565.2
551.0000024000001,2509.8
552.0000024000001,2484.6
553.0000024000001,2502.0
554.0000024000001,2501.2
555.0000024000001,2546.2
556.0000024000001,2587.0
557.0000024000001,2526.4
558.0000024000001,2511.8
559.0000024000001,2547.4
560.0000024000001,2525.4
561.0000024000001,2518.2
562.0000024000001,2548.0
563.0000024000001,2542.4
564.0000024000001,2515.4
565.0000024000001,2471.8
566.0000024000001,2510.2
567.0000024000001,2489.2
568.0000024000001,2591.8
569.0000024000001,2724.4
570.0000024000001,2459.8
571.0000024000001,2462.6
572.0000024000001,2452.8
573.0000024000001,2479.6
574.0000024000001,2577.4
575.0000024000001,2530.8
576.0000024000001,2500.2
577.0000024000001,2540.6
578.0000024000001,2545.0
579.0000024000001,2539.0
580.0000024000001,2504.8
581.0000024000001,2550.4
582.0000024000001,2523.0
583.0000024000001,2515.6
584.0000024000001,2551.0
585.0000024000001,2516.8
586.0000024000001,3035.2
587.0000024000001,2678.8
588.0000024000001,2650.4
589.0000024000001,2862.0
590.0000024000001,2661.4
591.0000024000001,2565.8
592.0000024000001,2994.4
593.0000024000001,2671.8
594.0000024000001,2593.0
595.0000024000001,2807.8
596.0000024000001,2655.8
597.0000024000001,2927.0
598.0000024000001,3111.4
599.0000024000001,2737.4
600.0000024000001,2763.2
601.0000024000001,2631.6
602.0000024000001,2612.6
603.0000024000001,2606.6
604.0000024000001,2664.0
605.0000024000001,2693.4
606.0000024000001,2664.0
607.0000024000001,2680.0
608.0000024000001,3048.4
609.0000024000001,2668.0
610.0000024000001,2719.4
611.0000024000001,2714.2
612.0000024000001,2687.0
613.0000024000001,2849.2
614.0000024000001,2717.0
615.0000024000001,2704.2
616.0000024000001,2814.2
617.0000024000001,2729.2
618.0000024000001,2786.8
619.0000024000001,2708.4
620.0000024000001,2718.4
621.0000024000001,2711.2
622.0000024000001,2684.4
623.0000024000001,2758.2
624.0000024000001,2699.8
625.0000024000001,2723.0
626.0000024000001,2773.0
627.0000024000001,2738.6
628.0000024000001,2709.0
629.0000024000001,2685.0
630.0000024000001,2767.8
631.0000024000001,2707.6
632.0000024000001,2683.8
633.0000024000001,2673.0
634.0000024000001,2660.0
635.0000024000001,2724.6
636.0000024000001,2664.6
637.0000024000001,2975.4
638.0000024000001,2637.2
639.0000024000001,2632.0
640.0000024000001,2641.2
641.0000024000001,2617.6
642.0000024000001,2600.6
643.0000024000001,2591.0
644.0000024000001,2558.0
645.0000024000001,2519.2
646.0000024000001,2517.4
647.0000024000001,2777.2
648.0000024000001,2528.0
649.0000024000001,2456.6
650.0000024000001,2460.0
651.0000024000001,2496.4
652.0000024000001,2443.2
653.0000024000001,2450.0
654.0000024000001,2478.8
655.0000024000001,2759.2
656.0000024000001,2605.6
657.0000024000001,2511.6
658.0000024000001,2518.6
659.0000024000001,2450.8
660.0000024000001,3281.8
661.0000024000001,2605.6
662.0000024000001,2457.8
663.0000024000001,2874.8
664.0000024000001,2405.8
665.0000024000001,2395.2
666.0000024000001,2402.2
667.0000024000001,2409.2
668.0000024000001,2646.4
669.0000024000001,2517.8
670.0000024000001,2547.8
671.0000024000001,2443.6
672.0000024000001,2442.6
673.0000024000001,2389.6
674.0000024000001,2568.8
675.0000024000001,2334.4
676.0000024000001,2309.4
677.0000024000001,2314.6
678.0000024000001,2399.2
679.0000024000001,2439.8
680.0000024000001,2350.2
681.0000024000001,2363.4
682.0000024000001,2517.4
683.0000024000001,2329.0
684.0000024000001,2331.8
685.0000024000001,2295.8
686.0000024000001,2318.6
687.0000024000001,2323.6
688.0000024000001,2308.4
689.0000024000001,2294.4
690.0000024000001,2316.4
691.0000024000001,2278.8
692.0000024000001,2230.2
693.0000024000001,2178.2
694.0000024000001,2576.2
695.0000024000001,2662.0
696.0000024000001,2297.2
697.0000024000001,2244.8
698.0000024000001,2152.6
699.0000024000001,2104.4
700.0000024000001,2149.0
701.0000024000001,2023.4
702.0000024000001,2068.4
703.0000024000001,2030.0
704.0000024000001,2007.8
705.0000024000001,1998.8
706.0000024000001,1988.4
707.0000024000001,1993.2
708.0000024000001,2001.2
709.0000024000001,1995.2
710.0000024000001,1945.8
711.0000024000001,1935.4
712.0000024000001,1967.6
713.0000024000001,1938.2
714.0000024000001,1942.8
715.0000024000001,1944.4
716.0000024000001,1924.0
717.0000024000001,1940.8
718.0000024000001,1917.6
719.0000024000001,1945.0
720.0000024000001,1949.4
721.0000024000001,1941.0
722.0000024000001,1923.4
723.0000024000001,1907.4
724.0000024000001,1978.4
725.0000024000001,1938.2
726.0000024000001,1903.2
727.0000024000001,1882.6
728.0000024000001,1897.8
729.0000024000001,1900.8
730.0000024000001,1870.0
731.0000024000001,1879.2
732.0000024000001,1877.4
733.0000024000001,1836.6
734.0000024000001,1841.6
735.0000024000001,1846.6
736.0000024000001,1857.8
737.0000024000001,1850.8
738.0000024000001,1814.4
739.0000024000001,1797.2
740.0000024000001,1792.8
741.0000024000001,1787.4
742.0000024000001,1809.6
743.0000024000001,1780.8
744.0000024000001,1770.8
745.0000024000001,1772.2
746.0000024000001,1779.8
747.0000024000001,1733.0
748.0000024000001,1795.6
749.0000024000001,1806.8
750.0000024000001,1782.6
751.0000024000001,1773.2
752.0000024000001,1741.4
753.0000024000001,1726.8
754.0000024000001,1788.4
755.0000024000001,2080.6
756.0000024000001,2136.4
757.0000024000001,2009.6
758.0000024000001,1868.4
759.0000024000001,1964.2
760.0000024000001,1985.6
761.0000024000001,1785.6
762.0000024000001,1785.8
763.0000024000001,1955.4
764.0000024000001,1832.2
765.0000024000001,1743.8
766.0000024000001,1791.8
767.0000024000001,1721.8
768.0000024000001,1723.6
769.0000024000001,2050.8
770.0000024000001,1817.0
771.0000024000001,1842.6
772.0000024000001,1855.8
773.0000024000001,1769.8
774.0000024000001,1735.8
775.0000024000001,1730.2
776.0000024000001,1691.4
777.0000024000001,1635.4
778.0000024000001,1602.6
779.0000024000001,1558.0
780.0000024000001,1573.8
781.0000024000001,1712.6
782.0000024000001,1899.4
783.0000024000001,1749.6
784.0000024000001,1633.0
785.0000024000001,1617.2
786.0000024000001,1575.2
787.0000024000001,1567.4
788.0000024000001,1576.2
789.0000024000001,1516.0
790.0000024000001,1490.2
791.0000024000001,1488.6
792.0000024000001,1500.0
793.0000024000001,1479.2
794.0000024000001,1537.6
795.0000024000001,1520.4
796.0000024000001,1499.2
797.0000024000001,1670.6
798.0000024000001,1480.8
799.0000024000001,1472.4
800.0000024000001,1517.0
801.0000024000001,1478.6
802.0000024000001,1512.2
803.0000024000001,1489.8
804.0000024000001,1496.4
805.0000024000001,1470.6
806.0000024000001,1457.0
807.0000024000001,1458.4
808.0000024000001,1456.2
809.0000024000001,1593.0
810.0000024000001,1643.2
811.0000024000001,1427.4
812.0000024000001,1426.4
813.0000024000001,1432.8
814.0000024000001,1433.8
815.0000024000001,1428.6
816.0000024000001,1519.6
817.0000024000001,1430.8
818.0000024000001,1403.6
819.0000024000001,1391.4
820.0000024000001,1371.6
821.0000024000001,1349.0
822.0000024000001,1377.8
823.0000024000001,1360.4
824.0000024000001,1343.8
825.0000024000001,1345.0
826.0000024000001,1352.4
827.0000024000001,1349.8
828.0000024000001,1377.8
829.0000024000001,1352.2
830.0000024000001,1370.4
831.0000024000001,1362.8
832.0000024000001,1374.6
833.0000024000001,1366.0
834.0000024000001,1359.2
835.0000024000001,1373.0
836.0000024000001,1369.2
837.0000024000001,1372.2
838.0000024000001,1365.8
839.0000024000001,1370.0
840.0000024000001,1387.8
841.0000024000001,1388.0
842.0000024000001,1355.8
843.0000024000001,1370.4
844.0000024000001,1374.4
845.0000024000001,1353.4
846.0000024000001,1457.8
847.0000024000001,1403.8
848.0000024000001,1395.2
849.0000024000001,1390.2
850.0000024000001,1402.6
851.0000024000001,1801.4
852.0000024000001,1424.0
853.0000024000001,1414.4
854.0000024000001,1377.0
855.0000024000001,1394.6
856.0000024000001,1380.6
857.0000024000001,1383.2
858.0000024000001,1401.6
859.0000024000001,1416.4
860.0000024000001,1388.4
861.0000024000001,1414.8
862.0000024000001,1396.8
863.0000024000001,1388.6
864.0000024000001,1399.0
865.0000024000001,1392.8
866.0000024000001,1508.4
867.0000024000001,1423.8
868.0000024000001,1433.6
869.0000024000001,1415.2
