Wavelength(nm),Intensities
500.000004,300.0
500.250004,278.0
500.500004,262.0
500.750004,286.0
501.000004,306.0
501.250004,320.0
501.500004,284.0
501.750004,286.0
502.000004,270.0
502.250004,300.0
502.500004,258.0
502.750004,234.0
503.000004,232.0
503.250004,244.0
503.500004,244.0
503.750004,276.0
504.000004,260.0
504.250004,244.0
504.500004,268.0
504.750004,214.0
505.000004,240.0
505.250004,274.0
505.500004,282.0
505.750004,256.0
506.000004,272.0
506.250004,242.0
506.500004,262.0
506.750004,274.0
507.000004,206.0
507.250004,258.0
507.500004,282.0
507.750004,224.0
508.000004,242.0
508.250004,294.0
508.500004,212.0
508.750004,234.0
509.000004,228.0
509.250004,238.0
509.500004,270.0
509.750004,248.0
510.000004,250.0
510.250004,242.0
510.500004,226.0
510.750004,282.0
511.000004,184.0
511.250004,230.0
511.500004,240.0
511.750004,248.0
512.000004,276.0
512.250004,220.0
512.500004,214.0
512.750004,224.0
513.000004,220.0
513.250004,256.0
513.500004,212.0
513.750004,236.0
514.000004,230.0
514.250004,268.0
514.500004,258.0
514.750004,274.0
515.000004,216.0
515.250004,260.0
515.500004,246.0
515.750004,254.0
516.000004,228.0
516.250004,210.0
516.500004,228.0
516.750004,236.0
517.000004,242.0
517.250004,222.0
517.500004,230.0
517.750004,234.0
518.000004,240.0
518.250004,220.0
518.500004,228.0
518.750004,212.0
519.000004,182.0
519.250004,212.0
519.500004,200.0
519.750004,250.0
520.000004,202.0
520.250004,218.0
520.500004,250.0
520.750004,208.0
521.000004,240.0
521.250004,244.0
521.500004,218.0
521.750004,228.0
522.000004,220.0
522.250004,228.0
522.500004,236.0
522.750004,252.0
523.000004,252.0
523.250004,220.0
523.500004,232.0
523.750004,214.0
524.000004,214.0
524.250004,190.0
524.500004,220.0
524.750004,232.0
525.000004,230.0
525.250004,214.0
525.500004,182.0
525.750004,208.0
526.000004,220.0
526.250004,224.0
526.500004,200.0
526.750004,230.0
527.000004,240.0
527.250004,220.0
527.500004,232.0
527.750004,224.0
528.000004,262.0
528.250004,254.0
528.500004,218.0
528.750004,208.0
529.000004,236.0
529.250004,262.0
529.500004,236.0
529.750004,210.0
530.000004,224.0
530.250004,214.0
530.500004,238.0
530.750004,246.0
531.000004,186.0
531.250004,232.0
531.500004,188.0
531.750004,186.0
532.000004,206.0
532.250004,234.0
532.500004,222.0
532.750004,218.0
533.000004,186.0
533.250004,214.0
533.500004,178.0
533.750004,210.0
534.000004,226.0
534.250004,234.0
534.500004,222.0
534.750004,222.0
535.000004,236.0
535.250004,192.0
535.500004,226.0
535.750004,186.0
536.000004,178.0
536.250004,216.0
536.500004,196.0
536.750004,224.0
537.000004,206.0
537.250004,246.0
537.500004,242.0
537.750004,196.0
538.000004,216.0
538.250004,230.0
538.500004,234.0
538.750004,194.0
539.000004,202.0
539.250004,256.0
539.500004,232.0
539.750004,214.0
540.000004,216.0
540.250004,248.0
540.500004,190.0
540.750004,218.0
541.000004,210.0
541.250004,210.0
541.500004,186.0
541.750004,206.0
542.000004,186.0
542.250004,224.0
542.500004,188.0
542.750004,212.0
543.000004,202.0
543.250004,202.0
543.500004,216.0
543.750004,220.0
544.000004,210.0
544.250004,166.0
544.500004,222.0
544.750004,250.0
545.000004,178.0
545.250004,216.0
545.500004,202.0
545.750004,172.0
546.000004,214.0
546.250004,204.0
546.500004,210.0
546.750004,204.0
547.000004,172.0
547.250004,204.0
547.500004,212.0
547.750004,200.0
548.000004,184.0
548.250004,202.0
548.500004,212.0
548.750004,206.0
549.000004,180.0
549.250004,184.0
549.500004,160.0
549.750004,202.0
550.000004,194.0
550.250004,130.0
550.500004,172.0
550.750004,204.0
551.000004,206.0
551.250004,208.0
551.500004,200.0
551.750004,238.0
552.000004,208.0
552.250004,206.0
552.500004,194.0
552.750004,192.0
553.000004,190.0
553.250004,192.0
553.500004,232.0
553.750004,206.0
554.000004,236.0
554.250004,214.0
554.500004,208.0
554.750004,216.0
555.000004,208.0
555.250004,158.0
555.500004,222.0
555.750004,172.0
556.000004,206.0
556.250004,230.0
556.500004,164.0
556.750004,210.0
557.000004,212.0
557.250004,228.0
557.500004,178.0
557.750004,182.0
558.000004,200.0
558.250004,230.0
558.500004,236.0
558.750004,236.0
559.000004,208.0
559.250004,218.0
559.500004,224.0
559.750004,206.0
560.000004,234.0
560.250004,214.0
560.500004,222.0
560.750004,224.0
561.000004,214.0
561.250004,216.0
561.500004,238.0
561.750004,206.0
562.000004,210.0
562.250004,228.0
562.500004,180.0
562.750004,248.0
563.000004,222.0
563.250004,230.0
563.500004,200.0
563.750004,254.0
564.000004,220.0
564.250004,228.0
564.500004,240.0
564.750004,198.0
565.000004,212.0
565.250004,226.0
565.500004,210.0
565.750004,216.0
566.000004,252.0
566.250004,216.0
566.500004,226.0
566.750004,220.0
567.000004,240.0
567.250004,238.0
567.500004,226.0
567.750004,212.0
568.000004,178.0
568.250004,248.0
568.500004,242.0
568.750004,224.0
569.000004,202.0
569.250004,200.0
569.500004,178.0
569.750004,226.0
570.000004,210.0
570.250004,204.0
570.500004,210.0
570.750004,216.0
571.000004,174.0
571.250004,190.0
571.500004,190.0
571.750004,192.0
572.000004,190.0
572.250004,232.0
572.500004,214.0
572.750004,202.0
573.000004,196.0
573.250004,194.0
573.500004,220.0
573.750004,172.0
574.000004,216.0
574.250004,180.0
574.500004,178.0
574.750004,212.0
575.000004,184.0
575.250004,194.0
575.500004,200.0
575.750004,218.0
576.000004,168.0
576.250004,192.0
576.500004,168.0
576.750004,214.0
577.000004,154.0
577.250004,208.0
577.500004,178.0
577.750004,194.0
578.000004,170.0
578.250004,236.0
578.500004,190.0
578.750004,204.0
579.000004,188.0
579.250004,182.0
579.500004,158.0
579.750004,152.0
580.000004,158.0
580.250004,188.0
580.500004,184.0
580.750004,200.0
581.000004,172.0
581.250004,180.0
581.500004,162.0
581.750004,192.0
582.000004,180.0
582.250004,208.0
582.500004,170.0
582.750004,168.0
583.000004,168.0
583.250004,180.0
583.500004,172.0
583.750004,200.0
584.000004,176.0
584.250004,188.0
584.500004,170.0
584.750004,194.0
585.000004,176.0
585.250004,184.0
585.500004,186.0
585.750004,182.0
586.000004,154.0
586.250004,174.0
586.500004,192.0
586.750004,192.0
587.000004,166.0
587.250004,182.0
587.500004,160.0
587.750004,176.0
588.000004,206.0
588.250004,170.0
588.500004,162.0
588.750004,174.0
589.000004,206.0
589.250004,174.0
589.500004,190.0
589.750004,176.0
590.000004,178.0
590.250004,182.0
590.500004,192.0
590.750004,182.0
591.000004,182.0
591.250004,176.0
591.500004,196.0
591.750004,152.0
592.000004,176.0
592.250004,204.0
592.500004,168.0
592.750004,206.0
593.000004,206.0
593.250004,192.0
593.500004,206.0
593.750004,200.0
594.000004,236.0
594.250004,204.0
594.500004,226.0
594.750004,196.0
595.000004,226.0
595.250004,214.0
595.500004,200.0
595.750004,210.0
596.000004,198.0
596.250004,190.0
596.500004,202.0
596.750004,224.0
597.000004,198.0
597.250004,240.0
597.500004,242.0
597.750004,222.0
598.000004,174.0
598.250004,194.0
598.500004,210.0
598.750004,220.0
599.000004,220.0
599.250004,240.0
599.500004,222.0
599.750004,190.0
600.000004,214.0
600.250004,198.0
600.500004,174.0
600.750004,204.0
601.000004,218.0
601.250004,238.0
601.500004,222.0
601.750004,202.0
602.000004,170.0
602.250004,178.0
602.500004,182.0
602.750004,204.0
603.000004,190.0
603.250004,180.0
603.500004,200.0
603.750004,184.0
604.000004,204.0
604.250004,182.0
604.500004,172.0
604.750004,172.0
605.000004,192.0
605.250004,188.0
605.500004,154.0
605.750004,174.0
606.000004,186.0
606.250004,194.0
606.500004,212.0
606.750004,206.0
607.000004,208.0
607.250004,208.0
607.500004,200.0
607.750004,210.0
608.000004,200.0
608.250004,192.0
608.500004,202.0
608.750004,152.0
609.000004,176.0
609.250004,216.0
609.500004,208.0
609.750004,206.0
610.000004,170.0
610.250004,226.0
610.500004,238.0
610.750004,216.0
611.000004,210.0
611.250004,246.0
611.500004,210.0
611.750004,198.0
612.000004,202.0
612.250004,232.0
612.500004,188.0
612.750004,166.0
613.000004,192.0
613.250004,212.0
613.500004,172.0
613.750004,186.0
614.000004,202.0
614.250004,172.0
614.500004,158.0
614.750004,192.0
615.000004,190.0
615.250004,206.0
615.500004,174.0
615.750004,178.0
616.000004,194.0
616.250004,194.0
616.500004,188.0
616.750004,218.0
617.000004,168.0
617.250004,198.0
617.500004,256.0
617.750004,202.0
618.000004,200.0
618.250004,210.0
618.500004,232.0
618.750004,228.0
619.000004,180.0
619.250004,194.0
619.500004,212.0
619.750004,208.0
620.000004,234.0
620.250004,200.0
620.500004,182.0
620.750004,202.0
621.000004,250.0
621.250004,194.0
621.500004,234.0
621.750004,204.0
622.000004,200.0
622.250004,212.0
622.500004,216.0
622.750004,172.0
623.000004,226.0
623.250004,222.0
623.500004,218.0
623.750004,206.0
624.000004,186.0
624.250004,232.0
624.500004,240.0
624.750004,242.0
625.000004,228.0
625.250004,182.0
625.500004,238.0
625.750004,236.0
626.000004,236.0
626.250004,226.0
626.500004,210.0
626.750004,220.0
627.000004,262.0
627.250004,214.0
627.500004,208.0
627.750004,222.0
628.000004,196.0
628.250004,206.0
628.500004,230.0
628.750004,260.0
629.000004,206.0
629.250004,218.0
629.500004,228.0
629.750004,266.0
630.000004,182.0
630.250004,240.0
630.500004,210.0
630.750004,242.0
631.000004,260.0
631.250004,200.0
631.500004,204.0
631.750004,206.0
632.000004,182.0
632.250004,192.0
632.500004,204.0
632.750004,230.0
633.000004,196.0
633.250004,200.0
633.500004,222.0
633.750004,208.0
634.000004,168.0
634.250004,238.0
634.500004,232.0
634.750004,224.0
635.000004,220.0
635.250004,236.0
635.500004,210.0
635.750004,216.0
636.000004,258.0
636.250004,212.0
636.500004,192.0
636.750004,170.0
637.000004,164.0
637.250004,228.0
637.500004,148.0
637.750004,204.0
638.000004,192.0
638.250004,216.0
638.500004,192.0
638.750004,196.0
639.000004,198.0
639.250004,214.0
639.500004,188.0
639.750004,220.0
640.000004,206.0
640.250004,192.0
640.500004,238.0
640.750004,206.0
641.000004,216.0
641.250004,216.0
641.500004,166.0
641.750004,180.0
642.000004,206.0
642.250004,228.0
642.500004,196.0
642.750004,238.0
643.000004,206.0
643.250004,186.0
643.500004,166.0
643.750004,204.0
644.000004,188.0
644.250004,200.0
644.500004,204.0
644.750004,222.0
645.000004,226.0
645.250004,218.0
645.500004,220.0
645.750004,194.0
646.000004,152.0
646.250004,210.0
646.500004,218.0
646.750004,222.0
647.000004,186.0
647.250004,182.0
647.500004,198.0
647.750004,206.0
648.000004,176.0
648.250004,184.0
648.500004,224.0
648.750004,196.0
649.000004,228.0
649.250004,206.0
649.500004,246.0
649.750004,190.0
650.000004,144.0
650.250004,194.0
650.500004,238.0
650.750004,212.0
651.000004,182.0
651.250004,192.0
651.500004,194.0
651.750004,194.0
652.000004,248.0
652.250004,252.0
652.500004,194.0
652.750004,220.0
653.000004,260.0
653.250004,236.0
653.500004,242.0
653.750004,194.0
654.000004,196.0
654.250004,214.0
654.500004,230.0
654.750004,216.0
655.000004,192.0
655.250004,190.0
655.500004,214.0
655.750004,174.0
656.000004,232.0
656.250004,202.0
656.500004,202.0
656.750004,190.0
657.000004,226.0
657.250004,222.0
657.500004,206.0
657.750004,216.0
658.000004,222.0
658.250004,180.0
658.500004,192.0
658.750004,208.0
659.000004,200.0
659.250004,230.0
659.500004,250.0
659.750004,180.0
660.000004,208.0
660.250004,194.0
660.500004,216.0
660.750004,184.0
661.000004,180.0
661.250004,200.0
661.500004,158.0
661.750004,186.0
662.000004,170.0
662.250004,204.0
662.500004,198.0
662.750004,208.0
663.000004,130.0
663.250004,170.0
663.500004,158.0
663.750004,160.0
664.000004,150.0
664.250004,184.0
664.500004,148.0
664.750004,148.0
665.000004,160.0
665.250004,170.0
665.500004,176.0
665.750004,164.0
666.000004,138.0
666.250004,158.0
666.500004,164.0
666.750004,162.0
667.000004,154.0
667.250004,132.0
667.500004,190.0
667.750004,178.0
668.000004,190.0
668.250004,180.0
668.500004,142.0
668.750004,170.0
669.000004,158.0
669.250004,162.0
669.500004,198.0
669.750004,132.0
670.000004,152.0
670.250004,140.0
670.500004,170.0
670.750004,156.0
671.000004,166.0
671.250004,160.0
671.500004,178.0
671.750004,194.0
672.000004,106.0
672.250004,198.0
672.500004,152.0
672.750004,132.0
673.000004,154.0
673.250004,132.0
673.500004,162.0
673.750004,130.0
674.000004,164.0
674.250004,126.0
674.500004,136.0
674.750004,154.0
675.000004,166.0
675.250004,102.0
675.500004,172.0
675.750004,220.0
676.000004,154.0
676.250004,182.0
676.500004,156.0
676.750004,188.0
677.000004,182.0
677.250004,156.0
677.500004,172.0
677.750004,144.0
678.000004,160.0
678.250004,124.0
678.500004,164.0
678.750004,140.0
679.000004,150.0
679.250004,120.0
679.500004,122.0
679.750004,168.0
680.000004,156.0
680.250004,188.0
680.500004,146.0
680.750004,124.0
681.000004,124.0
681.250004,154.0
681.500004,142.0
681.750004,132.0
682.000004,132.0
682.250004,98.0
682.500004,160.0
682.750004,154.0
683.000004,124.0
683.250004,150.0
683.500004,162.0
683.750004,148.0
684.000004,138.0
684.250004,136.0
684.500004,140.0
684.750004,160.0
685.000004,190.0
685.250004,182.0
685.500004,168.0
685.750004,170.0
686.000004,208.0
686.250004,166.0
686.500004,166.0
686.750004,224.0
687.000004,216.0
687.250004,184.0
687.500004,172.0
687.750004,198.0
688.000004,172.0
688.250004,192.0
688.500004,190.0
688.750004,162.0
689.000004,180.0
689.250004,190.0
689.500004,178.0
689.750004,176.0
690.000004,172.0
690.250004,158.0
690.500004,162.0
690.750004,174.0
691.000004,174.0
691.250004,176.0
691.500004,192.0
691.750004,182.0
692.000004,190.0
692.250004,188.0
692.500004,166.0
692.750004,182.0
693.000004,208.0
693.250004,176.0
693.500004,150.0
693.750004,178.0
694.000004,176.0
694.250004,166.0
694.500004,162.0
694.750004,158.0
695.000004,132.0
695.250004,142.0
695.500004,108.0
695.750004,152.0
696.000004,118.0
696.250004,138.0
696.500004,174.0
696.750004,158.0
697.000004,184.0
697.250004,122.0
697.500004,146.0
697.750004,160.0
698.000004,138.0
698.250004,136.0
698.500004,164.0
698.750004,162.0
699.000004,138.0
699.250004,140.0
699.500004,146.0
699.750004,146.0
700.000004,158.0
700.250004,144.0
700.500004,216.0
700.750004,130.0
701.000004,142.0
701.250004,150.0
701.500004,138.0
701.750004,144.0
702.000004,114.0
702.250004,114.0
702.500004,168.0
702.750004,170.0
703.000004,118.0
703.250004,158.0
703.500004,170.0
703.750004,134.0
704.000004,124.0
704.250004,164.0
704.500004,150.0
704.750004,184.0
705.000004,144.0
705.250004,162.0
705.500004,140.0
705.750004,160.0
706.000004,130.0
706.250004,192.0
706.500004,182.0
706.750004,144.0
707.000004,104.0
707.250004,146.0
707.500004,166.0
707.750004,168.0
708.000004,148.0
708.250004,120.0
708.500004,134.0
708.750004,156.0
709.000004,154.0
709.250004,176.0
709.500004,174.0
709.750004,166.0
710.000004,144.0
710.250004,144.0
710.500004,194.0
710.750004,140.0
711.000004,170.0
711.250004,164.0
711.500004,136.0
711.750004,134.0
712.000004,142.0
712.250004,182.0
712.500004,170.0
712.750004,192.0
713.000004,166.0
713.250004,158.0
713.500004,194.0
713.750004,140.0
714.000004,106.0
714.250004,140.0
714.500004,140.0
714.750004,148.0
715.000004,142.0
715.250004,160.0
715.500004,138.0
715.750004,184.0
716.000004,174.0
716.250004,160.0
716.500004,120.0
716.750004,148.0
717.000004,134.0
717.250004,176.0
717.500004,136.0
717.750004,140.0
718.000004,168.0
718.250004,176.0
718.500004,174.0
718.750004,172.0
719.000004,156.0
719.250004,158.0
719.500004,164.0
719.750004,146.0
720.000004,82.0
720.250004,128.0
720.500004,144.0
720.750004,148.0
721.000004,114.0
721.250004,162.0
721.500004,148.0
721.750004,176.0
722.000004,114.0
722.250004,118.0
722.500004,106.0
722.750004,118.0
723.000004,154.0
723.250004,132.0
723.500004,124.0
723.750004,132.0
724.000004,124.0
724.250004,118.0
724.500004,100.0
724.750004,114.0
725.000004,66.0
725.250004,108.0
725.500004,122.0
725.750004,102.0
726.000004,74.0
726.250004,108.0
726.500004,86.0
726.750004,104.0
727.000004,102.0
727.250004,104.0
727.500004,144.0
727.750004,112.0
728.000004,64.0
728.250004,112.0
728.500004,94.0
728.750004,96.0
729.000004,108.0
729.250004,92.0
729.500004,82.0
729.750004,92.0
730.000004,52.0
730.250004,92.0
730.500004,78.0
730.750004,104.0
731.000004,112.0
731.250004,112.0
731.500004,124.0
731.750004,104.0
732.000004,98.0
732.250004,74.0
732.500004,88.0
732.750004,102.0
733.000004,80.0
733.250004,90.0
733.500004,52.0
733.750004,66.0
734.000004,44.0
734.250004,86.0
734.500004,62.0
734.750004,100.0
735.000004,66.0
735.250004,80.0
735.500004,72.0
735.750004,86.0
736.000004,52.0
736.250004,68.0
736.500004,116.0
736.750004,120.0
737.000004,112.0
737.250004,146.0
737.500004,112.0
737.750004,114.0
738.000004,116.0
738.250004,114.0
738.500004,158.0
738.750004,114.0
739.000004,118.0
739.250004,154.0
739.500004,126.0
739.750004,120.0
740.000004,124.0
740.250004,110.0
740.500004,136.0
740.750004,164.0
741.000004,134.0
741.250004,126.0
741.500004,156.0
741.750004,126.0
742.000004,126.0
742.250004,112.0
742.500004,124.0
742.750004,114.0
743.000004,138.0
743.250004,128.0
743.500004,102.0
743.750004,136.0
744.000004,118.0
744.250004,122.0
744.500004,106.0
744.750004,96.0
745.000004,142.0
745.250004,150.0
745.500004,154.0
745.750004,106.0
746.000004,120.0
746.250004,146.0
746.500004,120.0
746.750004,154.0
747.000004,150.0
747.250004,122.0
747.500004,124.0
747.750004,146.0
748.000004,154.0
748.250004,104.0
748.500004,122.0
748.750004,128.0
749.000004,118.0
749.250004,94.0
749.500004,168.0
749.750004,116.0
750.000004,126.0
750.250004,144.0
750.500004,116.0
750.750004,154.0
751.000004,104.0
751.250004,118.0
751.500004,104.0
751.750004,176.0
752.000004,128.0
752.250004,136.0
752.500004,98.0
752.750004,148.0
753.000004,116.0
753.250004,150.0
753.500004,138.0
753.750004,154.0
754.000004,140.0
754.250004,140.0
754.500004,146.0
754.750004,138.0
755.000004,156.0
755.250004,114.0
755.500004,154.0
755.750004,152.0
756.000004,142.0
756.250004,164.0
756.500004,142.0
756.750004,96.0
757.000004,110.0
757.250004,134.0
757.500004,166.0
757.750004,168.0
758.000004,142.0
758.250004,140.0
758.500004,118.0
758.750004,146.0
759.000004,114.0
759.250004,134.0
759.500004,158.0
759.750004,132.0
760.000004,152.0
760.250004,114.0
760.500004,182.0
760.750004,140.0
761.000004,122.0
761.250004,148.0
761.500004,150.0
761.750004,134.0
762.000004,138.0
762.250004,156.0
762.500004,120.0
762.750004,134.0
763.000004,134.0
763.250004,126.0
763.500004,116.0
763.750004,124.0
764.000004,134.0
764.250004,122.0
764.500004,156.0
764.750004,152.0
765.000004,148.0
765.250004,146.0
765.500004,128.0
765.750004,156.0
766.000004,136.0
766.250004,140.0
766.500004,112.0
766.750004,134.0
767.000004,170.0
767.250004,160.0
767.500004,122.0
767.750004,114.0
768.000004,146.0
768.250004,134.0
768.500004,136.0
768.750004,134.0
769.000004,132.0
769.250004,166.0
769.500004,106.0
769.750004,144.0
770.000004,138.0
770.250004,148.0
770.500004,142.0
770.750004,122.0
771.000004,138.0
771.250004,140.0
771.500004,108.0
771.750004,142.0
772.000004,144.0
772.250004,180.0
772.500004,112.0
772.750004,134.0
773.000004,120.0
773.250004,142.0
773.500004,162.0
773.750004,146.0
774.000004,146.0
774.250004,126.0
774.500004,130.0
774.750004,114.0
775.000004,128.0
775.250004,150.0
775.500004,130.0
775.750004,132.0
776.000004,158.0
776.250004,152.0
776.500004,104.0
776.750004,130.0
777.000004,134.0
777.250004,146.0
777.500004,106.0
777.750004,116.0
778.000004,98.0
778.250004,134.0
778.500004,122.0
778.750004,110.0
779.000004,136.0
779.250004,110.0
779.500004,120.0
779.750004,120.0
780.000004,130.0
780.250004,136.0
780.500004,120.0
780.750004,142.0
781.000004,188.0
781.250004,144.0
781.500004,154.0
781.750004,146.0
782.000004,90.0
782.250004,134.0
782.500004,116.0
782.750004,98.0
783.000004,130.0
783.250004,140.0
783.500004,134.0
783.750004,136.0
784.000004,120.0
784.250004,188.0
784.500004,128.0
784.750004,134.0
785.000004,120.0
785.250004,162.0
785.500004,132.0
785.750004,174.0
786.000004,150.0
786.250004,100.0
786.500004,170.0
786.750004,148.0
787.000004,172.0
787.250004,190.0
787.500004,154.0
787.750004,148.0
788.000004,134.0
788.250004,130.0
788.500004,174.0
788.750004,144.0
789.000004,136.0
789.250004,122.0
789.500004,150.0
789.750004,116.0
790.000004,154.0
790.250004,152.0
790.500004,144.0
790.750004,112.0
791.000004,140.0
791.250004,142.0
791.500004,184.0
791.750004,154.0
792.000004,130.0
792.250004,174.0
792.500004,174.0
792.750004,152.0
793.000004,156.0
793.250004,148.0
793.500004,172.0
793.750004,134.0
794.000004,150.0
794.250004,116.0
794.500004,160.0
794.750004,184.0
795.000004,134.0
795.250004,166.0
795.500004,166.0
795.750004,144.0
796.000004,142.0
796.250004,148.0
796.500004,154.0
796.750004,168.0
797.000004,162.0
797.250004,148.0
797.500004,156.0
797.750004,124.0
798.000004,154.0
798.250004,110.0
798.500004,168.0
798.750004,146.0
799.000004,140.0
799.250004,128.0
799.500004,162.0
799.750004,154.0
