Wavelength(nm),Intensities
632.000005056,1976.0
632.0041717226667,1936.0
632.0083383893333,1970.0
632.012505056,2054.0
632.0166717226666,1986.0
632.0208383893333,2016.0
632.0250050559999,2076.0
632.0291717226667,2164.0
632.0333383893333,2242.0
632.037505056,2230.0
632.0416717226666,2116.0
632.0458383893333,2124.0
632.0500050559999,2222.0
632.0541717226666,2332.0
632.0583383893332,2616.0
632.062505056,3502.0
632.0666717226667,4184.0
632.0708383893333,4532.0
632.075005056,4962.0
632.0791717226666,5860.0
632.0833383893333,6746.0
632.0875050559999,7534.0
632.0916717226667,7948.0
632.0958383893333,8182.0
632.100005056,8548.0
632.1041717226666,8880.0
632.1083383893333,9268.0
632.1125050559999,9400.0
632.1166717226666,9654.0
632.1208383893332,9718.0
632.125005056,9766.0
632.1291717226667,9848.0
632.1333383893333,9844.0
632.137505056,9810.0
632.1416717226666,9724.0
632.1458383893333,9576.0
632.1500050559999,9404.0
632.1541717226667,9312.0
632.1583383893333,9076.0
632.162505056,8848.0
632.1666717226666,8492.0
632.1708383893333,8284.0
632.1750050559999,8106.0
632.1791717226666,7720.0
632.1833383893332,7434.0
632.187505056,6952.0
632.1916717226667,6584.0
632.1958383893333,5978.0
632.200005056,5298.0
632.2041717226666,4920.0
632.2083383893333,4660.0
632.2125050559999,4314.0
632.2166717226667,3962.0
632.2208383893333,3594.0
632.225005056,3302.0
632.2291717226666,3096.0
632.2333383893333,2986.0
632.2375050559999,2828.0
632.2416717226666,2688.0
632.2458383893332,2526.0
632.250005056,2438.0
632.2541717226667,2302.0
632.2583383893333,2276.0
632.262505056,2126.0
632.2666717226666,2132.0
632.2708383893333,2106.0
632.2750050559999,2036.0
632.2791717226667,1964.0
632.2833383893333,2028.0
632.287505056,1960.0
632.2916717226666,1950.0
632.2958383893333,1928.0
632.3000050559999,1908.0
632.3041717226666,1886.0
632.3083383893332,1926.0
632.312505056,1896.0
632.3166717226667,1940.0
632.3208383893333,1910.0
632.325005056,1916.0
632.3291717226666,1902.0
632.3333383893333,1912.0
632.3375050559999,1894.0
632.3416717226667,1900.0
632.3458383893333,1902.0
632.350005056,1884.0
632.3541717226666,1888.0
632.3583383893333,1876.0
632.3625050559999,1962.0
632.3666717226666,1926.0
632.3708383893332,1888.0
632.375005056,1946.0
632.3791717226667,1898.0
632.3833383893333,1920.0
632.387505056,1882.0
632.3916717226666,1880.0
632.3958383893333,1906.0
632.4000050559999,1902.0
632.4041717226667,1890.0
632.4083383893333,1884.0
632.412505056,1878.0
632.4166717226666,1920.0
632.4208383893333,1926.0
632.4250050559999,1934.0
632.4291717226666,1906.0
632.4333383893332,1910.0
632.437505056,1906.0
632.4416717226667,1918.0
632.4458383893333,1906.0
632.450005056,1868.0
632.4541717226666,1914.0
632.4583383893333,1916.0
632.4625050559999,1920.0
632.4666717226667,1902.0
632.4708383893333,1826.0
632.475005056,1912.0
632.4791717226666,1924.0
632.4833383893333,1870.0
632.4875050559999,1940.0
632.4916717226666,1912.0
632.4958383893332,1894.0
