Wavelength(nm),Intensities
300.0000024,24.0
300.1250024,18.0
300.2500024,14.0
300.3750024,36.0
300.5000024,18.0
300.6250024,14.0
300.7500024,38.0
300.8750024,10.0
301.0000024,40.0
301.1250024,8.0
301.2500024,24.0
301.3750024,16.0
301.5000024,-16.0
301.6250024,56.0
301.7500024,50.0
301.8750024,40.0
302.0000024,54.0
302.1250024,30.0
302.2500024,2.0
302.3750024,2.0
302.5000024,38.0
302.6250024,12.0
302.7500024,28.0
302.8750024,-12.0
303.0000024,22.0
303.1250024,-6.0
303.2500024,68.0
303.3750024,16.0
303.5000024,64.0
303.6250024,20.0
303.7500024,74.0
303.8750024,24.0
304.0000024,72.0
304.1250024,18.0
304.2500024,30.0
304.3750024,36.0
304.5000024,12.0
304.6250024,12.0
304.7500024,42.0
304.8750024,20.0
305.0000024,10.0
305.1250024,4.0
305.2500024,24.0
305.3750024,44.0
305.5000024,38.0
305.6250024,16.0
305.7500024,16.0
305.8750024,34.0
306.0000024,28.0
306.1250024,36.0
306.2500024,14.0
306.3750024,40.0
306.5000024,4.0
306.6250024,10.0
306.7500024,2.0
306.8750024,36.0
307.0000024,66.0
307.1250024,50.0
307.2500024,18.0
307.3750024,58.0
307.5000024,24.0
307.6250024,-16.0
307.7500024,36.0
307.8750024,-16.0
308.0000024,28.0
308.1250024,8.0
308.2500024,60.0
308.3750024,22.0
308.5000024,74.0
308.6250024,-16.0
308.7500024,66.0
308.8750024,42.0
309.0000024,36.0
309.1250024,-10.0
309.2500024,34.0
309.3750024,32.0
309.5000024,10.0
309.6250024,34.0
309.7500024,18.0
309.8750024,44.0
310.0000024,26.0
310.1250024,10.0
310.2500024,66.0
310.3750024,14.0
310.5000024,38.0
310.6250024,14.0
310.7500024,26.0
310.8750024,4.0
311.0000024,8.0
311.1250024,20.0
311.2500024,18.0
311.3750024,44.0
311.5000024,10.0
311.6250024,26.0
311.7500024,-8.0
311.8750024,46.0
312.0000024,16.0
312.1250024,16.0
312.2500024,16.0
312.3750024,48.0
312.5000024,14.0
312.6250024,26.0
312.7500024,28.0
312.8750024,30.0
313.0000024,40.0
313.1250024,42.0
313.2500024,42.0
313.3750024,16.0
313.5000024,22.0
313.6250024,56.0
313.7500024,28.0
313.8750024,46.0
314.0000024,38.0
314.1250024,44.0
314.2500024,16.0
314.3750024,40.0
314.5000024,-10.0
314.6250024,48.0
314.7500024,-2.0
314.8750024,38.0
315.0000024,8.0
315.1250024,30.0
315.2500024,16.0
315.3750024,12.0
315.5000024,20.0
315.6250024,-10.0
315.7500024,28.0
315.8750024,26.0
316.0000024,40.0
316.1250024,28.0
316.2500024,46.0
316.3750024,46.0
316.5000024,16.0
316.6250024,36.0
316.7500024,28.0
316.8750024,50.0
317.0000024,34.0
317.1250024,36.0
317.2500024,24.0
317.3750024,22.0
317.5000024,16.0
317.6250024,32.0
317.7500024,32.0
317.8750024,38.0
318.0000024,44.0
318.1250024,14.0
318.2500024,70.0
318.3750024,8.0
318.5000024,36.0
318.6250024,32.0
318.7500024,30.0
318.8750024,44.0
319.0000024,22.0
319.1250024,66.0
319.2500024,-10.0
319.3750024,22.0
319.5000024,48.0
319.6250024,12.0
319.7500024,26.0
319.8750024,20.0
320.0000024,26.0
320.1250024,16.0
320.2500024,48.0
320.3750024,32.0
320.5000024,38.0
320.6250024,14.0
320.7500024,48.0
320.8750024,16.0
321.0000024,40.0
321.1250024,28.0
321.2500024,14.0
321.3750024,58.0
321.5000024,22.0
321.6250024,38.0
321.7500024,10.0
321.8750024,74.0
322.0000024,6.0
322.1250024,26.0
322.2500024,32.0
322.3750024,22.0
322.5000024,22.0
322.6250024,40.0
322.7500024,36.0
322.8750024,32.0
323.0000024,32.0
323.1250024,18.0
323.2500024,50.0
323.3750024,18.0
323.5000024,32.0
323.6250024,28.0
323.7500024,36.0
323.8750024,10.0
324.0000024,40.0
324.1250024,16.0
324.2500024,30.0
324.3750024,20.0
324.5000024,20.0
324.6250024,36.0
324.7500024,-16.0
324.8750024,58.0
325.0000024,32.0
325.1250024,30.0
325.2500024,-6.0
325.3750024,26.0
325.5000024,44.0
325.6250024,24.0
325.7500024,-6.0
325.8750024,-2.0
326.0000024,40.0
326.1250024,-4.0
326.2500024,8.0
326.3750024,24.0
326.5000024,18.0
326.6250024,54.0
326.7500024,6.0
326.8750024,10.0
327.0000024,-6.0
327.1250024,4.0
327.2500024,10.0
327.3750024,34.0
327.5000024,12.0
327.6250024,4.0
327.7500024,18.0
327.8750024,42.0
328.0000024,4.0
328.1250024,26.0
328.2500024,34.0
328.3750024,18.0
328.5000024,22.0
328.6250024,-26.0
328.7500024,16.0
328.8750024,22.0
329.0000024,36.0
329.1250024,20.0
329.2500024,2.0
329.3750024,4.0
329.5000024,-8.0
329.6250024,14.0
329.7500024,10.0
329.8750024,12.0
330.0000024,28.0
330.1250024,2.0
330.2500024,46.0
330.3750024,16.0
330.5000024,20.0
330.6250024,-6.0
330.7500024,8.0
330.8750024,-22.0
331.0000024,0.0
331.1250024,6.0
331.2500024,2.0
331.3750024,-26.0
331.5000024,6.0
331.6250024,-4.0
331.7500024,14.0
331.8750024,-16.0
332.0000024,2.0
332.1250024,64.0
332.2500024,4.0
332.3750024,24.0
332.5000024,18.0
332.6250024,20.0
332.7500024,4.0
332.8750024,32.0
333.0000024,20.0
333.1250024,26.0
333.2500024,-12.0
333.3750024,20.0
333.5000024,50.0
333.6250024,4.0
333.7500024,32.0
333.8750024,-4.0
334.0000024,2.0
334.1250024,22.0
334.2500024,30.0
334.3750024,8.0
334.5000024,14.0
334.6250024,14.0
334.7500024,12.0
334.8750024,4.0
335.0000024,6.0
335.1250024,8.0
335.2500024,2.0
335.3750024,46.0
335.5000024,-8.0
335.6250024,16.0
335.7500024,4.0
335.8750024,4.0
336.0000024,34.0
336.1250024,20.0
336.2500024,32.0
336.3750024,4.0
336.5000024,16.0
336.6250024,8.0
336.7500024,12.0
336.8750024,12.0
337.0000024,22.0
337.1250024,10.0
337.2500024,24.0
337.3750024,18.0
337.5000024,16.0
337.6250024,34.0
337.7500024,-2.0
337.8750024,0.0
338.0000024,10.0
338.1250024,4.0
338.2500024,10.0
338.3750024,-4.0
338.5000024,34.0
338.6250024,12.0
338.7500024,16.0
338.8750024,-2.0
339.0000024,22.0
339.1250024,4.0
339.2500024,2.0
339.3750024,-36.0
339.5000024,-22.0
339.6250024,4.0
339.7500024,-10.0
339.8750024,28.0
340.0000024,4.0
340.1250024,26.0
340.2500024,6.0
340.3750024,4.0
340.5000024,-10.0
340.6250024,-44.0
340.7500024,-4.0
340.8750024,6.0
341.0000024,-6.0
341.1250024,12.0
341.2500024,8.0
341.3750024,-12.0
341.5000024,-24.0
341.6250024,-10.0
341.7500024,8.0
341.8750024,-14.0
342.0000024,16.0
342.1250024,-8.0
342.2500024,10.0
342.3750024,-20.0
342.5000024,30.0
342.6250024,-16.0
342.7500024,-20.0
342.8750024,-6.0
343.0000024,-42.0
343.1250024,0.0
343.2500024,2.0
343.3750024,-30.0
343.5000024,-12.0
343.6250024,-30.0
343.7500024,20.0
343.8750024,-22.0
344.0000024,0.0
344.1250024,-22.0
344.2500024,-16.0
344.3750024,-8.0
344.5000024,8.0
344.6250024,-18.0
344.7500024,-2.0
344.8750024,-18.0
345.0000024,6.0
345.1250024,8.0
345.2500024,2.0
345.3750024,0.0
345.5000024,-20.0
345.6250024,0.0
345.7500024,-20.0
345.8750024,14.0
346.0000024,-6.0
346.1250024,-28.0
346.2500024,24.0
346.3750024,2.0
346.5000024,-4.0
346.6250024,-18.0
346.7500024,22.0
346.8750024,-38.0
347.0000024,2.0
347.1250024,10.0
347.2500024,-8.0
347.3750024,10.0
347.5000024,12.0
347.6250024,44.0
347.7500024,16.0
347.8750024,14.0
348.0000024,8.0
348.1250024,-2.0
348.2500024,-14.0
348.3750024,28.0
348.5000024,12.0
348.6250024,16.0
348.7500024,6.0
348.8750024,-4.0
349.0000024,14.0
349.1250024,-2.0
349.2500024,18.0
349.3750024,-4.0
349.5000024,0.0
349.6250024,26.0
349.7500024,18.0
349.8750024,2.0
350.0000024,-6.0
350.1250024,6.0
350.2500024,0.0
350.3750024,0.0
350.5000024,28.0
350.6250024,16.0
350.7500024,-6.0
350.8750024,-54.0
351.0000024,38.0
351.1250024,14.0
351.2500024,20.0
351.3750024,-20.0
351.5000024,30.0
351.6250024,-12.0
351.7500024,16.0
351.8750024,-14.0
352.0000024,24.0
352.1250024,-12.0
352.2500024,-2.0
352.3750024,4.0
352.5000024,26.0
352.6250024,32.0
352.7500024,-18.0
352.8750024,6.0
353.0000024,-24.0
353.1250024,52.0
353.2500024,8.0
353.3750024,0.0
353.5000024,12.0
353.6250024,8.0
353.7500024,-6.0
353.8750024,38.0
354.0000024,0.0
354.1250024,-12.0
354.2500024,40.0
354.3750024,0.0
354.5000024,-6.0
354.6250024,2.0
354.7500024,10.0
354.8750024,-8.0
355.0000024,0.0
355.1250024,40.0
355.2500024,-12.0
355.3750024,18.0
355.5000024,4.0
355.6250024,2.0
355.7500024,-6.0
355.8750024,22.0
356.0000024,22.0
356.1250024,10.0
356.2500024,0.0
356.3750024,2.0
356.5000024,46.0
356.6250024,6.0
356.7500024,38.0
356.8750024,26.0
357.0000024,28.0
357.1250024,26.0
357.2500024,48.0
357.3750024,26.0
357.5000024,38.0
357.6250024,24.0
357.7500024,46.0
357.8750024,26.0
358.0000024,36.0
358.1250024,18.0
358.2500024,48.0
358.3750024,38.0
358.5000024,16.0
358.6250024,20.0
358.7500024,64.0
358.8750024,14.0
359.0000024,28.0
359.1250024,44.0
359.2500024,14.0
359.3750024,0.0
359.5000024,84.0
359.6250024,6.0
359.7500024,38.0
359.8750024,-12.0
360.0000024,50.0
360.1250024,56.0
360.2500024,24.0
360.3750024,14.0
360.5000024,48.0
360.6250024,54.0
360.7500024,20.0
360.8750024,34.0
361.0000024,44.0
361.1250024,16.0
361.2500024,8.0
361.3750024,64.0
361.5000024,44.0
361.6250024,6.0
361.7500024,52.0
361.8750024,46.0
362.0000024,34.0
362.1250024,16.0
362.2500024,20.0
362.3750024,10.0
362.5000024,34.0
362.6250024,42.0
362.7500024,24.0
362.8750024,14.0
363.0000024,8.0
363.1250024,36.0
363.2500024,58.0
363.3750024,66.0
363.5000024,34.0
363.6250024,36.0
363.7500024,-20.0
363.8750024,46.0
364.0000024,62.0
364.1250024,24.0
364.2500024,58.0
364.3750024,16.0
364.5000024,48.0
364.6250024,40.0
364.7500024,46.0
364.8750024,16.0
365.0000024,72.0
365.1250024,20.0
365.2500024,48.0
365.3750024,36.0
365.5000024,56.0
365.6250024,22.0
365.7500024,28.0
365.8750024,14.0
366.0000024,40.0
366.1250024,64.0
366.2500024,20.0
366.3750024,24.0
366.5000024,26.0
366.6250024,20.0
366.7500024,20.0
366.8750024,30.0
367.0000024,32.0
367.1250024,30.0
367.2500024,42.0
367.3750024,26.0
367.5000024,46.0
367.6250024,52.0
367.7500024,20.0
367.8750024,50.0
368.0000024,52.0
368.1250024,54.0
368.2500024,46.0
368.3750024,46.0
368.5000024,30.0
368.6250024,36.0
368.7500024,56.0
368.8750024,34.0
369.0000024,20.0
369.1250024,82.0
369.2500024,58.0
369.3750024,56.0
369.5000024,52.0
369.6250024,36.0
369.7500024,66.0
369.8750024,26.0
370.0000024,42.0
370.1250024,34.0
370.2500024,30.0
370.3750024,84.0
370.5000024,68.0
370.6250024,70.0
370.7500024,52.0
370.8750024,62.0
371.0000024,48.0
371.1250024,62.0
371.2500024,68.0
371.3750024,52.0
371.5000024,44.0
371.6250024,62.0
371.7500024,82.0
371.8750024,44.0
372.0000024,72.0
372.1250024,68.0
372.2500024,64.0
372.3750024,28.0
372.5000024,74.0
372.6250024,42.0
372.7500024,88.0
372.8750024,62.0
373.0000024,56.0
373.1250024,96.0
373.2500024,46.0
373.3750024,66.0
373.5000024,42.0
373.6250024,78.0
373.7500024,48.0
373.8750024,64.0
374.0000024,26.0
374.1250024,64.0
374.2500024,58.0
374.3750024,94.0
374.5000024,50.0
374.6250024,76.0
374.7500024,76.0
374.8750024,22.0
375.0000024,58.0
375.1250024,56.0
375.2500024,66.0
375.3750024,38.0
375.5000024,38.0
375.6250024,50.0
375.7500024,52.0
375.8750024,58.0
376.0000024,56.0
376.1250024,96.0
376.2500024,68.0
376.3750024,84.0
376.5000024,52.0
376.6250024,40.0
376.7500024,52.0
376.8750024,76.0
377.0000024,46.0
377.1250024,16.0
377.2500024,38.0
377.3750024,60.0
377.5000024,48.0
377.6250024,26.0
377.7500024,56.0
377.8750024,60.0
378.0000024,54.0
378.1250024,74.0
378.2500024,50.0
378.3750024,60.0
378.5000024,42.0
378.6250024,40.0
378.7500024,38.0
378.8750024,84.0
379.0000024,56.0
379.1250024,60.0
379.2500024,80.0
379.3750024,78.0
379.5000024,96.0
379.6250024,48.0
379.7500024,100.0
379.8750024,62.0
380.0000024,68.0
380.1250024,46.0
380.2500024,54.0
380.3750024,48.0
380.5000024,76.0
380.6250024,58.0
380.7500024,54.0
380.8750024,72.0
381.0000024,32.0
381.1250024,76.0
381.2500024,44.0
381.3750024,52.0
381.5000024,50.0
381.6250024,50.0
381.7500024,80.0
381.8750024,70.0
382.0000024,74.0
382.1250024,98.0
382.2500024,52.0
382.3750024,76.0
382.5000024,84.0
382.6250024,42.0
382.7500024,122.0
382.8750024,64.0
383.0000024,106.0
383.1250024,72.0
383.2500024,106.0
383.3750024,74.0
383.5000024,80.0
383.6250024,74.0
383.7500024,72.0
383.8750024,46.0
384.0000024,50.0
384.1250024,58.0
384.2500024,76.0
384.3750024,86.0
384.5000024,86.0
384.6250024,52.0
384.7500024,82.0
384.8750024,44.0
385.0000024,106.0
385.1250024,50.0
385.2500024,86.0
385.3750024,82.0
385.5000024,118.0
385.6250024,62.0
385.7500024,88.0
385.8750024,42.0
386.0000024,94.0
386.1250024,60.0
386.2500024,94.0
386.3750024,92.0
386.5000024,64.0
386.6250024,96.0
386.7500024,68.0
386.8750024,92.0
387.0000024,70.0
387.1250024,106.0
387.2500024,62.0
387.3750024,68.0
387.5000024,102.0
387.6250024,90.0
387.7500024,84.0
387.8750024,84.0
388.0000024,58.0
388.1250024,48.0
388.2500024,72.0
388.3750024,86.0
388.5000024,84.0
388.6250024,92.0
388.7500024,118.0
388.8750024,80.0
389.0000024,96.0
389.1250024,104.0
389.2500024,70.0
389.3750024,114.0
389.5000024,70.0
389.6250024,118.0
389.7500024,90.0
389.8750024,114.0
390.0000024,112.0
390.1250024,88.0
390.2500024,90.0
390.3750024,90.0
390.5000024,84.0
390.6250024,88.0
390.7500024,104.0
390.8750024,66.0
391.0000024,122.0
391.1250024,118.0
391.2500024,92.0
391.3750024,140.0
391.5000024,100.0
391.6250024,92.0
391.7500024,100.0
391.8750024,98.0
392.0000024,94.0
392.1250024,110.0
392.2500024,92.0
392.3750024,104.0
392.5000024,104.0
392.6250024,82.0
392.7500024,124.0
392.8750024,90.0
393.0000024,136.0
393.1250024,104.0
393.2500024,118.0
393.3750024,78.0
393.5000024,106.0
393.6250024,82.0
393.7500024,106.0
393.8750024,114.0
394.0000024,112.0
394.1250024,106.0
394.2500024,100.0
394.3750024,140.0
394.5000024,94.0
394.6250024,98.0
394.7500024,108.0
394.8750024,118.0
395.0000024,116.0
395.1250024,122.0
395.2500024,116.0
395.3750024,120.0
395.5000024,88.0
395.6250024,122.0
395.7500024,120.0
395.8750024,154.0
396.0000024,126.0
396.1250024,120.0
396.2500024,112.0
396.3750024,120.0
396.5000024,132.0
396.6250024,112.0
396.7500024,96.0
396.8750024,124.0
397.0000024,68.0
397.1250024,130.0
397.2500024,116.0
397.3750024,102.0
397.5000024,110.0
397.6250024,108.0
397.7500024,142.0
397.8750024,94.0
398.0000024,156.0
398.1250024,100.0
398.2500024,116.0
398.3750024,134.0
398.5000024,120.0
398.6250024,120.0
398.7500024,98.0
398.8750024,126.0
399.0000024,128.0
399.1250024,134.0
399.2500024,126.0
399.3750024,136.0
399.5000024,102.0
399.6250024,138.0
399.7500024,114.0
399.8750024,134.0
400.0000024,108.0
400.1250024,150.0
400.2500024,86.0
400.3750024,100.0
400.5000024,142.0
400.6250024,108.0
400.7500024,128.0
400.8750024,116.0
401.0000024,142.0
401.1250024,120.0
401.2500024,130.0
401.3750024,102.0
401.5000024,112.0
401.6250024,118.0
401.7500024,92.0
401.8750024,122.0
402.0000024,128.0
402.1250024,132.0
402.2500024,96.0
402.3750024,120.0
402.5000024,108.0
402.6250024,160.0
402.7500024,134.0
402.8750024,130.0
403.0000024,108.0
403.1250024,110.0
403.2500024,130.0
403.3750024,118.0
403.5000024,124.0
403.6250024,118.0
403.7500024,102.0
403.8750024,86.0
404.0000024,126.0
404.1250024,120.0
404.2500024,118.0
404.3750024,124.0
404.5000024,130.0
404.6250024,130.0
404.7500024,116.0
404.8750024,156.0
405.0000024,148.0
405.1250024,82.0
405.2500024,108.0
405.3750024,84.0
405.5000024,84.0
405.6250024,88.0
405.7500024,94.0
405.8750024,108.0
406.0000024,140.0
406.1250024,122.0
406.2500024,128.0
406.3750024,60.0
406.5000024,130.0
406.6250024,116.0
406.7500024,150.0
406.8750024,92.0
407.0000024,124.0
407.1250024,138.0
407.2500024,126.0
407.3750024,130.0
407.5000024,118.0
407.6250024,148.0
407.7500024,128.0
407.8750024,146.0
408.0000024,120.0
408.1250024,126.0
408.2500024,142.0
408.3750024,142.0
408.5000024,140.0
408.6250024,114.0
408.7500024,128.0
408.8750024,158.0
409.0000024,132.0
409.1250024,130.0
409.2500024,100.0
409.3750024,126.0
409.5000024,84.0
409.6250024,112.0
409.7500024,80.0
409.8750024,86.0
410.0000024,16.0
410.1250024,58.0
410.2500024,22.0
410.3750024,66.0
410.5000024,34.0
410.6250024,62.0
410.7500024,84.0
410.8750024,30.0
411.0000024,44.0
411.1250024,62.0
411.2500024,64.0
411.3750024,64.0
411.5000024,40.0
411.6250024,68.0
411.7500024,46.0
411.8750024,48.0
412.0000024,86.0
412.1250024,70.0
412.2500024,26.0
412.3750024,72.0
412.5000024,70.0
412.6250024,54.0
412.7500024,66.0
412.8750024,54.0
413.0000024,42.0
413.1250024,60.0
413.2500024,60.0
413.3750024,42.0
413.5000024,92.0
413.6250024,50.0
413.7500024,84.0
413.8750024,36.0
414.0000024,104.0
414.1250024,78.0
414.2500024,116.0
414.3750024,106.0
414.5000024,98.0
414.6250024,78.0
414.7500024,72.0
414.8750024,126.0
415.0000024,84.0
415.1250024,112.0
415.2500024,92.0
415.3750024,120.0
415.5000024,134.0
415.6250024,130.0
415.7500024,134.0
415.8750024,148.0
416.0000024,110.0
416.1250024,108.0
416.2500024,136.0
416.3750024,84.0
416.5000024,100.0
416.6250024,144.0
416.7500024,124.0
416.8750024,118.0
417.0000024,86.0
417.1250024,128.0
417.2500024,98.0
417.3750024,126.0
417.5000024,102.0
417.6250024,146.0
417.7500024,138.0
417.8750024,156.0
418.0000024,146.0
418.1250024,186.0
418.2500024,168.0
418.3750024,162.0
418.5000024,144.0
418.6250024,144.0
418.7500024,172.0
418.8750024,150.0
419.0000024,174.0
419.1250024,158.0
419.2500024,162.0
419.3750024,148.0
419.5000024,150.0
419.6250024,160.0
419.7500024,172.0
419.8750024,158.0
420.0000024,164.0
420.1250024,168.0
420.2500024,170.0
420.3750024,154.0
420.5000024,188.0
420.6250024,156.0
420.7500024,186.0
420.8750024,176.0
421.0000024,126.0
421.1250024,144.0
421.2500024,178.0
421.3750024,164.0
421.5000024,192.0
421.6250024,138.0
421.7500024,176.0
421.8750024,162.0
422.0000024,170.0
422.1250024,164.0
422.2500024,150.0
422.3750024,184.0
422.5000024,154.0
422.6250024,174.0
422.7500024,206.0
422.8750024,166.0
423.0000024,176.0
423.1250024,190.0
423.2500024,162.0
423.3750024,170.0
423.5000024,194.0
423.6250024,186.0
423.7500024,182.0
423.8750024,200.0
424.0000024,198.0
424.1250024,192.0
424.2500024,168.0
424.3750024,168.0
424.5000024,168.0
424.6250024,178.0
424.7500024,176.0
424.8750024,196.0
425.0000024,146.0
425.1250024,174.0
425.2500024,166.0
425.3750024,172.0
425.5000024,186.0
425.6250024,158.0
425.7500024,146.0
425.8750024,192.0
426.0000024,162.0
426.1250024,172.0
426.2500024,172.0
426.3750024,178.0
426.5000024,194.0
426.6250024,154.0
426.7500024,172.0
426.8750024,156.0
427.0000024,164.0
427.1250024,138.0
427.2500024,144.0
427.3750024,162.0
427.5000024,172.0
427.6250024,166.0
427.7500024,154.0
427.8750024,168.0
428.0000024,166.0
428.1250024,190.0
428.2500024,154.0
428.3750024,164.0
428.5000024,146.0
428.6250024,202.0
428.7500024,160.0
428.8750024,154.0
429.0000024,182.0
429.1250024,164.0
429.2500024,178.0
429.3750024,136.0
429.5000024,140.0
429.6250024,170.0
429.7500024,176.0
429.8750024,176.0
430.0000024,162.0
430.1250024,176.0
430.2500024,156.0
430.3750024,172.0
430.5000024,152.0
430.6250024,164.0
430.7500024,164.0
430.8750024,166.0
431.0000024,160.0
431.1250024,156.0
431.2500024,110.0
431.3750024,150.0
431.5000024,174.0
431.6250024,132.0
431.7500024,156.0
431.8750024,158.0
432.0000024,166.0
432.1250024,118.0
432.2500024,144.0
432.3750024,146.0
432.5000024,144.0
432.6250024,136.0
432.7500024,124.0
432.8750024,160.0
433.0000024,124.0
433.1250024,134.0
433.2500024,152.0
433.3750024,142.0
433.5000024,150.0
433.6250024,152.0
433.7500024,126.0
433.8750024,168.0
434.0000024,134.0
434.1250024,92.0
434.2500024,166.0
434.3750024,148.0
434.5000024,144.0
434.6250024,152.0
434.7500024,156.0
434.8750024,118.0
435.0000024,148.0
435.1250024,172.0
435.2500024,174.0
435.3750024,144.0
435.5000024,170.0
435.6250024,168.0
435.7500024,184.0
435.8750024,182.0
436.0000024,140.0
436.1250024,152.0
436.2500024,154.0
436.3750024,154.0
436.5000024,120.0
436.6250024,172.0
436.7500024,170.0
436.8750024,152.0
437.0000024,154.0
437.1250024,158.0
437.2500024,188.0
437.3750024,144.0
437.5000024,124.0
437.6250024,140.0
437.7500024,126.0
437.8750024,152.0
438.0000024,110.0
438.1250024,156.0
438.2500024,138.0
438.3750024,168.0
438.5000024,108.0
438.6250024,148.0
438.7500024,142.0
438.8750024,160.0
439.0000024,172.0
439.1250024,142.0
439.2500024,150.0
439.3750024,114.0
439.5000024,170.0
439.6250024,132.0
439.7500024,176.0
439.8750024,142.0
440.0000024,172.0
440.1250024,128.0
440.2500024,148.0
440.3750024,94.0
440.5000024,124.0
440.6250024,136.0
440.7500024,94.0
440.8750024,146.0
441.0000024,126.0
441.1250024,144.0
441.2500024,170.0
441.3750024,130.0
441.5000024,144.0
441.6250024,118.0
441.7500024,122.0
441.8750024,146.0
442.0000024,170.0
442.1250024,106.0
442.2500024,138.0
442.3750024,120.0
442.5000024,166.0
442.6250024,116.0
442.7500024,136.0
442.8750024,148.0
443.0000024,126.0
443.1250024,148.0
443.2500024,130.0
443.3750024,144.0
443.5000024,110.0
443.6250024,160.0
443.7500024,116.0
443.8750024,106.0
444.0000024,106.0
444.1250024,130.0
444.2500024,134.0
444.3750024,128.0
444.5000024,136.0
444.6250024,118.0
444.7500024,132.0
444.8750024,112.0
445.0000024,130.0
445.1250024,134.0
445.2500024,180.0
445.3750024,128.0
445.5000024,154.0
445.6250024,154.0
445.7500024,142.0
445.8750024,152.0
446.0000024,132.0
446.1250024,142.0
446.2500024,122.0
446.3750024,104.0
446.5000024,140.0
446.6250024,134.0
446.7500024,146.0
446.8750024,130.0
447.0000024,132.0
447.1250024,140.0
447.2500024,152.0
447.3750024,106.0
447.5000024,158.0
447.6250024,136.0
447.7500024,172.0
447.8750024,132.0
448.0000024,152.0
448.1250024,90.0
448.2500024,172.0
448.3750024,148.0
448.5000024,104.0
448.6250024,152.0
448.7500024,128.0
448.8750024,156.0
449.0000024,136.0
449.1250024,142.0
449.2500024,142.0
449.3750024,132.0
449.5000024,98.0
449.6250024,146.0
449.7500024,154.0
449.8750024,156.0
450.0000024,144.0
450.1250024,100.0
450.2500024,146.0
450.3750024,92.0
450.5000024,90.0
450.6250024,100.0
450.7500024,94.0
450.8750024,60.0
451.0000024,42.0
451.1250024,86.0
451.2500024,6.0
451.3750024,54.0
451.5000024,14.0
451.6250024,70.0
451.7500024,38.0
451.8750024,66.0
452.0000024,42.0
452.1250024,28.0
452.2500024,30.0
452.3750024,30.0
452.5000024,72.0
452.6250024,28.0
452.7500024,30.0
452.8750024,6.0
453.0000024,60.0
453.1250024,56.0
453.2500024,40.0
453.3750024,46.0
453.5000024,62.0
453.6250024,66.0
453.7500024,52.0
453.8750024,74.0
454.0000024,34.0
454.1250024,42.0
454.2500024,60.0
454.3750024,58.0
454.5000024,46.0
454.6250024,34.0
454.7500024,90.0
454.8750024,96.0
455.0000024,64.0
455.1250024,100.0
455.2500024,72.0
455.3750024,64.0
455.5000024,82.0
455.6250024,74.0
455.7500024,92.0
455.8750024,104.0
456.0000024,76.0
456.1250024,96.0
456.2500024,84.0
456.3750024,118.0
456.5000024,90.0
456.6250024,112.0
456.7500024,94.0
456.8750024,94.0
457.0000024,96.0
457.1250024,96.0
457.2500024,90.0
457.3750024,92.0
457.5000024,108.0
457.6250024,108.0
457.7500024,126.0
457.8750024,124.0
458.0000024,108.0
458.1250024,126.0
458.2500024,132.0
458.3750024,138.0
458.5000024,136.0
458.6250024,134.0
458.7500024,108.0
458.8750024,162.0
459.0000024,130.0
459.1250024,148.0
459.2500024,138.0
459.3750024,138.0
459.5000024,144.0
459.6250024,128.0
459.7500024,136.0
459.8750024,120.0
460.0000024,200.0
460.1250024,120.0
460.2500024,152.0
460.3750024,132.0
460.5000024,96.0
460.6250024,140.0
460.7500024,146.0
460.8750024,132.0
461.0000024,156.0
461.1250024,136.0
461.2500024,160.0
461.3750024,164.0
461.5000024,130.0
461.6250024,160.0
461.7500024,132.0
461.8750024,168.0
462.0000024,170.0
462.1250024,158.0
462.2500024,142.0
462.3750024,172.0
462.5000024,160.0
462.6250024,162.0
462.7500024,184.0
462.8750024,178.0
463.0000024,156.0
463.1250024,158.0
463.2500024,158.0
463.3750024,134.0
463.5000024,152.0
463.6250024,178.0
463.7500024,170.0
463.8750024,172.0
464.0000024,172.0
464.1250024,176.0
464.2500024,122.0
464.3750024,156.0
464.5000024,148.0
464.6250024,192.0
464.7500024,160.0
464.8750024,164.0
465.0000024,150.0
465.1250024,170.0
465.2500024,192.0
465.3750024,142.0
465.5000024,144.0
465.6250024,172.0
465.7500024,176.0
465.8750024,148.0
466.0000024,164.0
466.1250024,150.0
466.2500024,180.0
466.3750024,174.0
466.5000024,132.0
466.6250024,178.0
466.7500024,180.0
466.8750024,188.0
467.0000024,192.0
467.1250024,156.0
467.2500024,150.0
467.3750024,176.0
467.5000024,162.0
467.6250024,172.0
467.7500024,164.0
467.8750024,140.0
468.0000024,156.0
468.1250024,154.0
468.2500024,164.0
468.3750024,168.0
468.5000024,192.0
468.6250024,164.0
468.7500024,188.0
468.8750024,188.0
469.0000024,170.0
469.1250024,182.0
469.2500024,192.0
469.3750024,184.0
469.5000024,146.0
469.6250024,188.0
469.7500024,160.0
469.8750024,176.0
470.0000024,172.0
470.1250024,188.0
470.2500024,182.0
470.3750024,208.0
470.5000024,188.0
470.6250024,210.0
470.7500024,202.0
470.8750024,162.0
471.0000024,166.0
471.1250024,182.0
471.2500024,214.0
471.3750024,164.0
471.5000024,180.0
471.6250024,212.0
471.7500024,210.0
471.8750024,204.0
472.0000024,150.0
472.1250024,174.0
472.2500024,180.0
472.3750024,164.0
472.5000024,156.0
472.6250024,152.0
472.7500024,194.0
472.8750024,150.0
473.0000024,194.0
473.1250024,184.0
473.2500024,200.0
473.3750024,176.0
473.5000024,200.0
473.6250024,164.0
473.7500024,208.0
473.8750024,154.0
474.0000024,196.0
474.1250024,158.0
474.2500024,182.0
474.3750024,220.0
474.5000024,172.0
474.6250024,218.0
474.7500024,162.0
474.8750024,186.0
475.0000024,182.0
475.1250024,192.0
475.2500024,200.0
475.3750024,194.0
475.5000024,202.0
475.6250024,210.0
475.7500024,192.0
475.8750024,196.0
476.0000024,228.0
476.1250024,186.0
476.2500024,196.0
476.3750024,188.0
476.5000024,192.0
476.6250024,188.0
476.7500024,188.0
476.8750024,192.0
477.0000024,182.0
477.1250024,168.0
477.2500024,176.0
477.3750024,224.0
477.5000024,194.0
477.6250024,206.0
477.7500024,212.0
477.8750024,256.0
478.0000024,168.0
478.1250024,222.0
478.2500024,208.0
478.3750024,182.0
478.5000024,238.0
478.6250024,168.0
478.7500024,190.0
478.8750024,156.0
479.0000024,176.0
479.1250024,174.0
479.2500024,194.0
479.3750024,198.0
479.5000024,202.0
479.6250024,206.0
479.7500024,214.0
479.8750024,218.0
480.0000024,226.0
480.1250024,192.0
480.2500024,184.0
480.3750024,186.0
480.5000024,182.0
480.6250024,188.0
480.7500024,172.0
480.8750024,186.0
481.0000024,164.0
481.1250024,208.0
481.2500024,202.0
481.3750024,170.0
481.5000024,194.0
481.6250024,168.0
481.7500024,214.0
481.8750024,180.0
482.0000024,182.0
482.1250024,178.0
482.2500024,204.0
482.3750024,174.0
482.5000024,200.0
482.6250024,200.0
482.7500024,200.0
482.8750024,174.0
483.0000024,212.0
483.1250024,226.0
483.2500024,176.0
483.3750024,192.0
483.5000024,188.0
483.6250024,220.0
483.7500024,178.0
483.8750024,206.0
484.0000024,194.0
484.1250024,166.0
484.2500024,230.0
484.3750024,190.0
484.5000024,224.0
484.6250024,208.0
484.7500024,202.0
484.8750024,196.0
485.0000024,234.0
485.1250024,190.0
485.2500024,172.0
485.3750024,200.0
485.5000024,188.0
485.6250024,226.0
485.7500024,216.0
485.8750024,230.0
486.0000024,190.0
486.1250024,188.0
486.2500024,196.0
486.3750024,178.0
486.5000024,230.0
486.6250024,244.0
486.7500024,236.0
486.8750024,208.0
487.0000024,250.0
487.1250024,184.0
487.2500024,228.0
487.3750024,224.0
487.5000024,248.0
487.6250024,222.0
487.7500024,238.0
487.8750024,266.0
488.0000024,210.0
488.1250024,250.0
488.2500024,244.0
488.3750024,234.0
488.5000024,238.0
488.6250024,202.0
488.7500024,212.0
488.8750024,242.0
489.0000024,214.0
489.1250024,254.0
489.2500024,212.0
489.3750024,228.0
489.5000024,250.0
489.6250024,186.0
489.7500024,270.0
489.8750024,220.0
490.0000024,234.0
490.1250024,230.0
490.2500024,238.0
490.3750024,238.0
490.5000024,238.0
490.6250024,258.0
490.7500024,212.0
490.8750024,260.0
491.0000024,232.0
491.1250024,220.0
491.2500024,222.0
491.3750024,210.0
491.5000024,242.0
491.6250024,220.0
491.7500024,244.0
491.8750024,242.0
492.0000024,274.0
492.1250024,246.0
492.2500024,266.0
492.3750024,220.0
492.5000024,226.0
492.6250024,236.0
492.7500024,262.0
492.8750024,244.0
493.0000024,230.0
493.1250024,232.0
493.2500024,254.0
493.3750024,256.0
493.5000024,272.0
493.6250024,250.0
493.7500024,246.0
493.8750024,290.0
494.0000024,244.0
494.1250024,236.0
494.2500024,230.0
494.3750024,258.0
494.5000024,276.0
494.6250024,240.0
494.7500024,232.0
494.8750024,244.0
495.0000024,240.0
495.1250024,254.0
495.2500024,244.0
495.3750024,244.0
495.5000024,242.0
495.6250024,252.0
495.7500024,220.0
495.8750024,238.0
496.0000024,210.0
496.1250024,232.0
496.2500024,228.0
496.3750024,274.0
496.5000024,230.0
496.6250024,248.0
496.7500024,244.0
496.8750024,268.0
497.0000024,258.0
497.1250024,270.0
497.2500024,228.0
497.3750024,216.0
497.5000024,268.0
497.6250024,246.0
497.7500024,254.0
497.8750024,238.0
498.0000024,248.0
498.1250024,256.0
498.2500024,268.0
498.3750024,246.0
498.5000024,270.0
498.6250024,232.0
498.7500024,262.0
498.8750024,230.0
499.0000024,224.0
499.1250024,272.0
499.2500024,256.0
499.3750024,252.0
499.5000024,230.0
499.6250024,248.0
499.7500024,268.0
499.8750024,252.0
500.0000024,258.0
500.1250024,212.0
500.2500024,220.0
500.3750024,260.0
500.5000024,262.0
500.6250024,214.0
500.7500024,262.0
500.8750024,270.0
501.0000024,250.0
501.1250024,246.0
501.2500024,264.0
501.3750024,270.0
501.5000024,212.0
501.6250024,266.0
501.7500024,268.0
501.8750024,246.0
502.0000024,258.0
502.1250024,260.0
502.2500024,256.0
502.3750024,286.0
502.5000024,238.0
502.6250024,258.0
502.7500024,264.0
502.8750024,236.0
503.0000024,250.0
503.1250024,248.0
503.2500024,272.0
503.3750024,238.0
503.5000024,258.0
503.6250024,256.0
503.7500024,268.0
503.8750024,286.0
504.0000024,282.0
504.1250024,250.0
504.2500024,242.0
504.3750024,308.0
504.5000024,258.0
504.6250024,244.0
504.7500024,260.0
504.8750024,220.0
505.0000024,262.0
505.1250024,228.0
505.2500024,252.0
505.3750024,234.0
505.5000024,260.0
505.6250024,218.0
505.7500024,260.0
505.8750024,220.0
506.0000024,252.0
506.1250024,252.0
506.2500024,254.0
506.3750024,252.0
506.5000024,238.0
506.6250024,268.0
506.7500024,228.0
506.8750024,232.0
507.0000024,260.0
507.1250024,240.0
507.2500024,218.0
507.3750024,260.0
507.5000024,234.0
507.6250024,242.0
507.7500024,202.0
507.8750024,252.0
508.0000024,222.0
508.1250024,242.0
508.2500024,204.0
508.3750024,224.0
508.5000024,224.0
508.6250024,210.0
508.7500024,232.0
508.8750024,228.0
509.0000024,218.0
509.1250024,212.0
509.2500024,214.0
509.3750024,238.0
509.5000024,208.0
509.6250024,198.0
509.7500024,194.0
509.8750024,250.0
510.0000024,212.0
510.1250024,174.0
510.2500024,214.0
510.3750024,180.0
510.5000024,242.0
510.6250024,216.0
510.7500024,252.0
510.8750024,178.0
511.0000024,218.0
511.1250024,208.0
511.2500024,212.0
511.3750024,214.0
511.5000024,194.0
511.6250024,222.0
511.7500024,206.0
511.8750024,210.0
512.0000024000001,210.0
512.1250024000001,238.0
512.2500024000001,166.0
512.3750024000001,230.0
512.5000024000001,238.0
512.6250024000001,240.0
512.7500024000001,254.0
512.8750024000001,214.0
513.0000024000001,244.0
513.1250024000001,210.0
513.2500024000001,200.0
513.3750024000001,202.0
513.5000024000001,224.0
513.6250024000001,212.0
513.7500024000001,234.0
513.8750024000001,222.0
514.0000024000001,202.0
514.1250024000001,202.0
514.2500024000001,226.0
514.3750024000001,242.0
514.5000024000001,194.0
514.6250024000001,240.0
514.7500024000001,210.0
514.8750024000001,274.0
515.0000024000001,204.0
515.1250024000001,284.0
515.2500024000001,238.0
515.3750024000001,234.0
515.5000024000001,234.0
515.6250024000001,224.0
515.7500024000001,240.0
515.8750024000001,222.0
516.0000024000001,252.0
516.1250024000001,216.0
516.2500024000001,234.0
516.3750024000001,218.0
516.5000024000001,268.0
516.6250024000001,248.0
516.7500024000001,240.0
516.8750024000001,242.0
517.0000024000001,264.0
517.1250024000001,234.0
517.2500024000001,226.0
517.3750024000001,228.0
517.5000024000001,236.0
517.6250024000001,246.0
517.7500024000001,256.0
517.8750024000001,266.0
518.0000024000001,306.0
518.1250024000001,264.0
518.2500024000001,294.0
518.3750024000001,226.0
518.5000024000001,246.0
518.6250024000001,236.0
518.7500024000001,270.0
518.8750024000001,254.0
519.0000024000001,250.0
519.1250024000001,262.0
519.2500024000001,262.0
519.3750024000001,238.0
519.5000024000001,250.0
519.6250024000001,230.0
519.7500024000001,250.0
519.8750024000001,270.0
520.0000024000001,216.0
520.1250024000001,232.0
520.2500024000001,216.0
520.3750024000001,280.0
520.5000024000001,228.0
520.6250024000001,242.0
520.7500024000001,258.0
520.8750024000001,250.0
521.0000024000001,228.0
521.1250024000001,254.0
521.2500024000001,230.0
521.3750024000001,270.0
521.5000024000001,258.0
521.6250024000001,256.0
521.7500024000001,264.0
521.8750024000001,278.0
522.0000024000001,258.0
522.1250024000001,252.0
522.2500024000001,226.0
522.3750024000001,284.0
522.5000024000001,260.0
522.6250024000001,288.0
522.7500024000001,254.0
522.8750024000001,250.0
523.0000024000001,214.0
523.1250024000001,258.0
523.2500024000001,270.0
523.3750024000001,268.0
523.5000024000001,276.0
523.6250024000001,250.0
523.7500024000001,282.0
523.8750024000001,248.0
524.0000024000001,230.0
524.1250024000001,250.0
524.2500024000001,236.0
524.3750024000001,254.0
524.5000024000001,250.0
524.6250024000001,244.0
524.7500024000001,252.0
524.8750024000001,226.0
525.0000024000001,252.0
525.1250024000001,252.0
525.2500024000001,204.0
525.3750024000001,242.0
525.5000024000001,220.0
525.6250024000001,232.0
525.7500024000001,232.0
525.8750024000001,244.0
526.0000024000001,238.0
526.1250024000001,240.0
526.2500024000001,272.0
526.3750024000001,242.0
526.5000024000001,242.0
526.6250024000001,186.0
526.7500024000001,224.0
526.8750024000001,266.0
527.0000024000001,242.0
527.1250024000001,222.0
527.2500024000001,234.0
527.3750024000001,220.0
527.5000024000001,234.0
527.6250024000001,204.0
527.7500024000001,196.0
527.8750024000001,234.0
528.0000024000001,234.0
528.1250024000001,242.0
528.2500024000001,208.0
528.3750024000001,232.0
528.5000024000001,252.0
528.6250024000001,230.0
528.7500024000001,246.0
528.8750024000001,216.0
529.0000024000001,230.0
529.1250024000001,222.0
529.2500024000001,228.0
529.3750024000001,190.0
529.5000024000001,244.0
529.6250024000001,216.0
529.7500024000001,258.0
529.8750024000001,236.0
530.0000024000001,278.0
530.1250024000001,270.0
530.2500024000001,240.0
530.3750024000001,264.0
530.5000024000001,212.0
530.6250024000001,232.0
530.7500024000001,216.0
530.8750024000001,196.0
531.0000024000001,218.0
531.1250024000001,214.0
531.2500024000001,206.0
531.3750024000001,230.0
531.5000024000001,240.0
531.6250024000001,212.0
531.7500024000001,246.0
531.8750024000001,216.0
532.0000024000001,208.0
532.1250024000001,202.0
532.2500024000001,250.0
532.3750024000001,204.0
532.5000024000001,234.0
532.6250024000001,238.0
532.7500024000001,252.0
532.8750024000001,236.0
533.0000024000001,262.0
533.1250024000001,244.0
533.2500024000001,170.0
533.3750024000001,208.0
533.5000024000001,232.0
533.6250024000001,226.0
533.7500024000001,220.0
533.8750024000001,258.0
534.0000024000001,222.0
534.1250024000001,230.0
534.2500024000001,222.0
534.3750024000001,224.0
534.5000024000001,226.0
534.6250024000001,212.0
534.7500024000001,240.0
534.8750024000001,220.0
535.0000024000001,228.0
535.1250024000001,228.0
535.2500024000001,206.0
535.3750024000001,236.0
535.5000024000001,212.0
535.6250024000001,232.0
535.7500024000001,242.0
535.8750024000001,240.0
536.0000024000001,220.0
536.1250024000001,236.0
536.2500024000001,206.0
536.3750024000001,214.0
536.5000024000001,234.0
536.6250024000001,240.0
536.7500024000001,242.0
536.8750024000001,200.0
537.0000024000001,214.0
537.1250024000001,182.0
537.2500024000001,202.0
537.3750024000001,190.0
537.5000024000001,220.0
537.6250024000001,192.0
537.7500024000001,216.0
537.8750024000001,218.0
538.0000024000001,226.0
538.1250024000001,222.0
538.2500024000001,228.0
538.3750024000001,234.0
538.5000024000001,192.0
538.6250024000001,230.0
538.7500024000001,228.0
538.8750024000001,240.0
539.0000024000001,246.0
539.1250024000001,226.0
539.2500024000001,218.0
539.3750024000001,220.0
539.5000024000001,236.0
539.6250024000001,236.0
539.7500024000001,242.0
539.8750024000001,242.0
540.0000024000001,242.0
540.1250024000001,246.0
540.2500024000001,238.0
540.3750024000001,276.0
540.5000024000001,252.0
540.6250024000001,264.0
540.7500024000001,254.0
540.8750024000001,246.0
541.0000024000001,234.0
541.1250024000001,250.0
541.2500024000001,236.0
541.3750024000001,236.0
541.5000024000001,230.0
541.6250024000001,246.0
541.7500024000001,204.0
541.8750024000001,252.0
542.0000024000001,258.0
542.1250024000001,256.0
542.2500024000001,244.0
542.3750024000001,226.0
542.5000024000001,268.0
542.6250024000001,212.0
542.7500024000001,264.0
542.8750024000001,230.0
543.0000024000001,258.0
543.1250024000001,236.0
543.2500024000001,242.0
543.3750024000001,210.0
543.5000024000001,252.0
543.6250024000001,240.0
543.7500024000001,250.0
543.8750024000001,212.0
544.0000024000001,232.0
544.1250024000001,260.0
544.2500024000001,248.0
544.3750024000001,250.0
544.5000024000001,230.0
544.6250024000001,244.0
544.7500024000001,224.0
544.8750024000001,256.0
545.0000024000001,268.0
545.1250024000001,206.0
545.2500024000001,250.0
545.3750024000001,258.0
545.5000024000001,248.0
545.6250024000001,264.0
545.7500024000001,264.0
545.8750024000001,326.0
546.0000024000001,310.0
546.1250024000001,372.0
546.2500024000001,338.0
546.3750024000001,350.0
546.5000024000001,264.0
546.6250024000001,310.0
546.7500024000001,256.0
546.8750024000001,266.0
547.0000024000001,290.0
547.1250024000001,290.0
547.2500024000001,278.0
547.3750024000001,268.0
547.5000024000001,264.0
547.6250024000001,254.0
547.7500024000001,262.0
547.8750024000001,270.0
548.0000024000001,266.0
548.1250024000001,238.0
548.2500024000001,308.0
548.3750024000001,276.0
548.5000024000001,270.0
548.6250024000001,252.0
548.7500024000001,282.0
548.8750024000001,252.0
549.0000024000001,264.0
549.1250024000001,274.0
549.2500024000001,256.0
549.3750024000001,284.0
549.5000024000001,240.0
549.6250024000001,230.0
549.7500024000001,270.0
549.8750024000001,236.0
550.0000024000001,278.0
550.1250024000001,230.0
550.2500024000001,264.0
550.3750024000001,256.0
550.5000024000001,270.0
550.6250024000001,214.0
550.7500024000001,266.0
550.8750024000001,238.0
551.0000024000001,244.0
551.1250024000001,244.0
551.2500024000001,252.0
551.3750024000001,238.0
551.5000024000001,232.0
551.6250024000001,260.0
551.7500024000001,258.0
551.8750024000001,244.0
552.0000024000001,238.0
552.1250024000001,226.0
552.2500024000001,228.0
552.3750024000001,236.0
552.5000024000001,226.0
552.6250024000001,220.0
552.7500024000001,244.0
552.8750024000001,232.0
553.0000024000001,248.0
553.1250024000001,264.0
553.2500024000001,240.0
553.3750024000001,232.0
553.5000024000001,272.0
553.6250024000001,248.0
553.7500024000001,246.0
553.8750024000001,234.0
554.0000024000001,212.0
554.1250024000001,224.0
554.2500024000001,242.0
554.3750024000001,228.0
554.5000024000001,246.0
554.6250024000001,258.0
554.7500024000001,218.0
554.8750024000001,264.0
555.0000024000001,260.0
555.1250024000001,204.0
555.2500024000001,248.0
555.3750024000001,216.0
555.5000024000001,244.0
555.6250024000001,216.0
555.7500024000001,264.0
555.8750024000001,226.0
556.0000024000001,246.0
556.1250024000001,258.0
556.2500024000001,256.0
556.3750024000001,252.0
556.5000024000001,262.0
556.6250024000001,262.0
556.7500024000001,246.0
556.8750024000001,228.0
557.0000024000001,224.0
557.1250024000001,238.0
557.2500024000001,222.0
557.3750024000001,260.0
557.5000024000001,232.0
557.6250024000001,246.0
557.7500024000001,232.0
557.8750024000001,262.0
558.0000024000001,242.0
558.1250024000001,216.0
558.2500024000001,244.0
558.3750024000001,230.0
558.5000024000001,240.0
558.6250024000001,242.0
558.7500024000001,226.0
558.8750024000001,246.0
559.0000024000001,196.0
559.1250024000001,270.0
559.2500024000001,240.0
559.3750024000001,246.0
559.5000024000001,180.0
559.6250024000001,256.0
559.7500024000001,254.0
559.8750024000001,226.0
560.0000024000001,212.0
560.1250024000001,258.0
560.2500024000001,190.0
560.3750024000001,232.0
560.5000024000001,240.0
560.6250024000001,262.0
560.7500024000001,192.0
560.8750024000001,210.0
561.0000024000001,190.0
561.1250024000001,204.0
561.2500024000001,190.0
561.3750024000001,226.0
561.5000024000001,202.0
561.6250024000001,238.0
561.7500024000001,252.0
561.8750024000001,270.0
562.0000024000001,246.0
562.1250024000001,234.0
562.2500024000001,262.0
562.3750024000001,264.0
562.5000024000001,238.0
562.6250024000001,232.0
562.7500024000001,280.0
562.8750024000001,232.0
563.0000024000001,236.0
563.1250024000001,198.0
563.2500024000001,274.0
563.3750024000001,246.0
563.5000024000001,254.0
563.6250024000001,252.0
563.7500024000001,234.0
563.8750024000001,246.0
564.0000024000001,288.0
564.1250024000001,254.0
564.2500024000001,246.0
564.3750024000001,240.0
564.5000024000001,246.0
564.6250024000001,292.0
564.7500024000001,232.0
564.8750024000001,262.0
565.0000024000001,216.0
565.1250024000001,234.0
565.2500024000001,224.0
565.3750024000001,194.0
565.5000024000001,244.0
565.6250024000001,236.0
565.7500024000001,246.0
565.8750024000001,264.0
566.0000024000001,214.0
566.1250024000001,240.0
566.2500024000001,232.0
566.3750024000001,254.0
566.5000024000001,202.0
566.6250024000001,242.0
566.7500024000001,228.0
566.8750024000001,234.0
567.0000024000001,226.0
567.1250024000001,278.0
567.2500024000001,226.0
567.3750024000001,266.0
567.5000024000001,220.0
567.6250024000001,276.0
567.7500024000001,226.0
567.8750024000001,296.0
568.0000024000001,224.0
568.1250024000001,238.0
568.2500024000001,280.0
568.3750024000001,218.0
568.5000024000001,250.0
568.6250024000001,228.0
568.7500024000001,266.0
568.8750024000001,256.0
569.0000024000001,310.0
569.1250024000001,244.0
569.2500024000001,274.0
569.3750024000001,242.0
569.5000024000001,244.0
569.6250024000001,248.0
569.7500024000001,216.0
569.8750024000001,210.0
570.0000024000001,196.0
570.1250024000001,200.0
570.2500024000001,208.0
570.3750024000001,248.0
570.5000024000001,220.0
570.6250024000001,226.0
570.7500024000001,236.0
570.8750024000001,248.0
571.0000024000001,226.0
571.1250024000001,206.0
571.2500024000001,218.0
571.3750024000001,214.0
571.5000024000001,210.0
571.6250024000001,206.0
571.7500024000001,230.0
571.8750024000001,196.0
572.0000024000001,186.0
572.1250024000001,262.0
572.2500024000001,174.0
572.3750024000001,234.0
572.5000024000001,198.0
572.6250024000001,228.0
572.7500024000001,206.0
572.8750024000001,220.0
573.0000024000001,230.0
573.1250024000001,234.0
573.2500024000001,194.0
573.3750024000001,220.0
573.5000024000001,230.0
573.6250024000001,234.0
573.7500024000001,234.0
573.8750024000001,224.0
574.0000024000001,216.0
574.1250024000001,208.0
574.2500024000001,234.0
574.3750024000001,232.0
574.5000024000001,220.0
574.6250024000001,220.0
574.7500024000001,232.0
574.8750024000001,230.0
575.0000024000001,214.0
575.1250024000001,206.0
575.2500024000001,242.0
575.3750024000001,174.0
575.5000024000001,206.0
575.6250024000001,246.0
575.7500024000001,236.0
575.8750024000001,230.0
576.0000024000001,234.0
576.1250024000001,236.0
576.2500024000001,250.0
576.3750024000001,252.0
576.5000024000001,224.0
576.6250024000001,238.0
576.7500024000001,242.0
576.8750024000001,214.0
577.0000024000001,264.0
577.1250024000001,216.0
577.2500024000001,198.0
577.3750024000001,208.0
577.5000024000001,226.0
577.6250024000001,230.0
577.7500024000001,242.0
577.8750024000001,220.0
578.0000024000001,224.0
578.1250024000001,228.0
578.2500024000001,216.0
578.3750024000001,224.0
578.5000024000001,252.0
578.6250024000001,202.0
578.7500024000001,234.0
578.8750024000001,208.0
579.0000024000001,224.0
579.1250024000001,216.0
579.2500024000001,222.0
579.3750024000001,220.0
579.5000024000001,260.0
579.6250024000001,216.0
579.7500024000001,202.0
579.8750024000001,202.0
580.0000024000001,222.0
580.1250024000001,250.0
580.2500024000001,208.0
580.3750024000001,224.0
580.5000024000001,210.0
580.6250024000001,242.0
580.7500024000001,204.0
580.8750024000001,250.0
581.0000024000001,214.0
581.1250024000001,254.0
581.2500024000001,212.0
581.3750024000001,188.0
581.5000024000001,236.0
581.6250024000001,206.0
581.7500024000001,216.0
581.8750024000001,186.0
582.0000024000001,220.0
582.1250024000001,194.0
582.2500024000001,210.0
582.3750024000001,224.0
582.5000024000001,186.0
582.6250024000001,196.0
582.7500024000001,204.0
582.8750024000001,198.0
583.0000024000001,168.0
583.1250024000001,226.0
583.2500024000001,212.0
583.3750024000001,216.0
583.5000024000001,206.0
583.6250024000001,214.0
583.7500024000001,216.0
583.8750024000001,206.0
584.0000024000001,222.0
584.1250024000001,206.0
584.2500024000001,214.0
584.3750024000001,212.0
584.5000024000001,192.0
584.6250024000001,180.0
584.7500024000001,232.0
584.8750024000001,214.0
585.0000024000001,218.0
585.1250024000001,218.0
585.2500024000001,190.0
585.3750024000001,258.0
585.5000024000001,242.0
585.6250024000001,290.0
585.7500024000001,248.0
585.8750024000001,300.0
586.0000024000001,284.0
586.1250024000001,266.0
586.2500024000001,220.0
586.3750024000001,264.0
586.5000024000001,230.0
586.6250024000001,240.0
586.7500024000001,252.0
586.8750024000001,264.0
587.0000024000001,230.0
587.1250024000001,170.0
587.2500024000001,238.0
587.3750024000001,220.0
587.5000024000001,218.0
587.6250024000001,220.0
587.7500024000001,178.0
587.8750024000001,236.0
588.0000024000001,216.0
588.1250024000001,252.0
588.2500024000001,210.0
588.3750024000001,226.0
588.5000024000001,194.0
588.6250024000001,228.0
588.7500024000001,260.0
588.8750024000001,222.0
589.0000024000001,274.0
589.1250024000001,244.0
589.2500024000001,244.0
589.3750024000001,218.0
589.5000024000001,260.0
589.6250024000001,254.0
589.7500024000001,238.0
589.8750024000001,212.0
590.0000024000001,206.0
590.1250024000001,218.0
590.2500024000001,242.0
590.3750024000001,208.0
590.5000024000001,212.0
590.6250024000001,208.0
590.7500024000001,220.0
590.8750024000001,202.0
591.0000024000001,198.0
591.1250024000001,184.0
591.2500024000001,218.0
591.3750024000001,216.0
591.5000024000001,228.0
591.6250024000001,240.0
591.7500024000001,254.0
591.8750024000001,236.0
592.0000024000001,266.0
592.1250024000001,246.0
592.2500024000001,278.0
592.3750024000001,226.0
592.5000024000001,214.0
592.6250024000001,248.0
592.7500024000001,186.0
592.8750024000001,224.0
593.0000024000001,236.0
593.1250024000001,210.0
593.2500024000001,172.0
593.3750024000001,238.0
593.5000024000001,214.0
593.6250024000001,222.0
593.7500024000001,190.0
593.8750024000001,230.0
594.0000024000001,192.0
594.1250024000001,230.0
594.2500024000001,218.0
594.3750024000001,242.0
594.5000024000001,258.0
594.6250024000001,232.0
594.7500024000001,254.0
594.8750024000001,200.0
595.0000024000001,236.0
595.1250024000001,246.0
595.2500024000001,240.0
595.3750024000001,234.0
595.5000024000001,206.0
595.6250024000001,212.0
595.7500024000001,214.0
595.8750024000001,232.0
596.0000024000001,206.0
596.1250024000001,246.0
596.2500024000001,190.0
596.3750024000001,178.0
596.5000024000001,210.0
596.6250024000001,174.0
596.7500024000001,216.0
596.8750024000001,250.0
597.0000024000001,286.0
597.1250024000001,246.0
597.2500024000001,266.0
597.3750024000001,198.0
597.5000024000001,210.0
597.6250024000001,216.0
597.7500024000001,230.0
597.8750024000001,298.0
598.0000024000001,294.0
598.1250024000001,306.0
598.2500024000001,332.0
598.3750024000001,292.0
598.5000024000001,256.0
598.6250024000001,252.0
598.7500024000001,244.0
598.8750024000001,234.0
599.0000024000001,266.0
599.1250024000001,216.0
599.2500024000001,200.0
599.3750024000001,238.0
599.5000024000001,202.0
599.6250024000001,196.0
599.7500024000001,222.0
599.8750024000001,204.0
600.0000024000001,264.0
600.1250024000001,230.0
600.2500024000001,230.0
600.3750024000001,202.0
600.5000024000001,190.0
600.6250024000001,232.0
600.7500024000001,188.0
600.8750024000001,196.0
601.0000024000001,170.0
601.1250024000001,194.0
601.2500024000001,194.0
601.3750024000001,226.0
601.5000024000001,180.0
601.6250024000001,214.0
601.7500024000001,186.0
601.8750024000001,216.0
602.0000024000001,200.0
602.1250024000001,194.0
602.2500024000001,208.0
602.3750024000001,206.0
602.5000024000001,232.0
602.6250024000001,180.0
602.7500024000001,236.0
602.8750024000001,182.0
603.0000024000001,212.0
603.1250024000001,228.0
603.2500024000001,256.0
603.3750024000001,212.0
603.5000024000001,248.0
603.6250024000001,226.0
603.7500024000001,192.0
603.8750024000001,242.0
604.0000024000001,214.0
604.1250024000001,216.0
604.2500024000001,210.0
604.3750024000001,198.0
604.5000024000001,224.0
604.6250024000001,226.0
604.7500024000001,216.0
604.8750024000001,222.0
605.0000024000001,232.0
605.1250024000001,164.0
605.2500024000001,242.0
605.3750024000001,192.0
605.5000024000001,208.0
605.6250024000001,188.0
605.7500024000001,226.0
605.8750024000001,226.0
606.0000024000001,234.0
606.1250024000001,252.0
606.2500024000001,168.0
606.3750024000001,200.0
606.5000024000001,226.0
606.6250024000001,192.0
606.7500024000001,178.0
606.8750024000001,240.0
607.0000024000001,208.0
607.1250024000001,232.0
607.2500024000001,210.0
607.3750024000001,204.0
607.5000024000001,220.0
607.6250024000001,208.0
607.7500024000001,232.0
607.8750024000001,246.0
608.0000024000001,262.0
608.1250024000001,228.0
608.2500024000001,206.0
608.3750024000001,254.0
608.5000024000001,202.0
608.6250024000001,240.0
608.7500024000001,238.0
608.8750024000001,246.0
609.0000024000001,214.0
609.1250024000001,216.0
609.2500024000001,228.0
609.3750024000001,252.0
609.5000024000001,222.0
609.6250024000001,208.0
609.7500024000001,236.0
609.8750024000001,200.0
610.0000024000001,232.0
610.1250024000001,226.0
610.2500024000001,232.0
610.3750024000001,228.0
610.5000024000001,214.0
610.6250024000001,212.0
610.7500024000001,226.0
610.8750024000001,216.0
611.0000024000001,230.0
611.1250024000001,258.0
611.2500024000001,238.0
611.3750024000001,264.0
611.5000024000001,234.0
611.6250024000001,260.0
611.7500024000001,222.0
611.8750024000001,258.0
612.0000024000001,214.0
612.1250024000001,256.0
612.2500024000001,210.0
612.3750024000001,208.0
612.5000024000001,246.0
612.6250024000001,218.0
612.7500024000001,246.0
612.8750024000001,236.0
613.0000024000001,280.0
613.1250024000001,256.0
613.2500024000001,296.0
613.3750024000001,264.0
613.5000024000001,236.0
613.6250024000001,224.0
613.7500024000001,194.0
613.8750024000001,230.0
614.0000024000001,214.0
614.1250024000001,254.0
614.2500024000001,188.0
614.3750024000001,266.0
614.5000024000001,218.0
614.6250024000001,210.0
614.7500024000001,176.0
614.8750024000001,232.0
615.0000024000001,246.0
615.1250024000001,220.0
615.2500024000001,262.0
615.3750024000001,280.0
615.5000024000001,288.0
615.6250024000001,254.0
615.7500024000001,234.0
615.8750024000001,228.0
616.0000024000001,232.0
616.1250024000001,248.0
616.2500024000001,262.0
616.3750024000001,214.0
616.5000024000001,220.0
616.6250024000001,252.0
616.7500024000001,204.0
616.8750024000001,242.0
617.0000024000001,222.0
617.1250024000001,202.0
617.2500024000001,284.0
617.3750024000001,242.0
617.5000024000001,264.0
617.6250024000001,198.0
617.7500024000001,220.0
617.8750024000001,222.0
618.0000024000001,282.0
618.1250024000001,206.0
618.2500024000001,262.0
618.3750024000001,240.0
618.5000024000001,272.0
618.6250024000001,204.0
618.7500024000001,220.0
618.8750024000001,258.0
619.0000024000001,206.0
619.1250024000001,244.0
619.2500024000001,226.0
619.3750024000001,228.0
619.5000024000001,162.0
619.6250024000001,224.0
619.7500024000001,210.0
619.8750024000001,230.0
620.0000024000001,212.0
620.1250024000001,208.0
620.2500024000001,176.0
620.3750024000001,178.0
620.5000024000001,210.0
620.6250024000001,198.0
620.7500024000001,208.0
620.8750024000001,222.0
621.0000024000001,212.0
621.1250024000001,250.0
621.2500024000001,184.0
621.3750024000001,190.0
621.5000024000001,204.0
621.6250024000001,222.0
621.7500024000001,190.0
621.8750024000001,214.0
622.0000024000001,190.0
622.1250024000001,206.0
622.2500024000001,180.0
622.3750024000001,228.0
622.5000024000001,172.0
622.6250024000001,212.0
622.7500024000001,226.0
622.8750024000001,216.0
623.0000024000001,238.0
623.1250024000001,256.0
623.2500024000001,270.0
623.3750024000001,240.0
623.5000024000001,220.0
623.6250024000001,224.0
623.7500024000001,238.0
623.8750024000001,200.0
624.0000024000001,200.0
624.1250024000001,194.0
624.2500024000001,194.0
624.3750024000001,224.0
624.5000024000001,242.0
624.6250024000001,226.0
624.7500024000001,214.0
624.8750024000001,204.0
625.0000024000001,220.0
625.1250024000001,218.0
625.2500024000001,254.0
625.3750024000001,258.0
625.5000024000001,244.0
625.6250024000001,254.0
625.7500024000001,236.0
625.8750024000001,220.0
626.0000024000001,222.0
626.1250024000001,210.0
626.2500024000001,264.0
626.3750024000001,266.0
626.5000024000001,210.0
626.6250024000001,226.0
626.7500024000001,198.0
626.8750024000001,222.0
627.0000024000001,208.0
627.1250024000001,242.0
627.2500024000001,198.0
627.3750024000001,244.0
627.5000024000001,224.0
627.6250024000001,250.0
627.7500024000001,248.0
627.8750024000001,208.0
628.0000024000001,248.0
628.1250024000001,264.0
628.2500024000001,228.0
628.3750024000001,234.0
628.5000024000001,220.0
628.6250024000001,234.0
628.7500024000001,242.0
628.8750024000001,254.0
629.0000024000001,210.0
629.1250024000001,226.0
629.2500024000001,196.0
629.3750024000001,208.0
629.5000024000001,228.0
629.6250024000001,224.0
629.7500024000001,216.0
629.8750024000001,256.0
630.0000024000001,226.0
630.1250024000001,278.0
630.2500024000001,276.0
630.3750024000001,300.0
630.5000024000001,264.0
630.6250024000001,234.0
630.7500024000001,272.0
630.8750024000001,200.0
631.0000024000001,250.0
631.1250024000001,206.0
631.2500024000001,238.0
631.3750024000001,214.0
631.5000024000001,248.0
631.6250024000001,240.0
631.7500024000001,220.0
631.8750024000001,208.0
632.0000024000001,212.0
632.1250024000001,210.0
632.2500024000001,184.0
632.3750024000001,180.0
632.5000024000001,220.0
632.6250024000001,210.0
632.7500024000001,238.0
632.8750024000001,214.0
633.0000024000001,244.0
633.1250024000001,266.0
633.2500024000001,224.0
633.3750024000001,204.0
633.5000024000001,220.0
633.6250024000001,228.0
633.7500024000001,234.0
633.8750024000001,218.0
634.0000024000001,192.0
634.1250024000001,224.0
634.2500024000001,226.0
634.3750024000001,232.0
634.5000024000001,232.0
634.6250024000001,250.0
634.7500024000001,212.0
634.8750024000001,258.0
635.0000024000001,238.0
635.1250024000001,288.0
635.2500024000001,248.0
635.3750024000001,248.0
635.5000024000001,208.0
635.6250024000001,258.0
635.7500024000001,286.0
635.8750024000001,206.0
636.0000024000001,244.0
636.1250024000001,206.0
636.2500024000001,226.0
636.3750024000001,222.0
636.5000024000001,252.0
636.6250024000001,220.0
636.7500024000001,248.0
636.8750024000001,280.0
637.0000024000001,260.0
637.1250024000001,268.0
637.2500024000001,274.0
637.3750024000001,244.0
637.5000024000001,196.0
637.6250024000001,224.0
637.7500024000001,228.0
637.8750024000001,248.0
638.0000024000001,222.0
638.1250024000001,216.0
638.2500024000001,220.0
638.3750024000001,208.0
638.5000024000001,194.0
638.6250024000001,206.0
638.7500024000001,230.0
638.8750024000001,204.0
639.0000024000001,226.0
639.1250024000001,200.0
639.2500024000001,232.0
639.3750024000001,210.0
639.5000024000001,188.0
639.6250024000001,230.0
639.7500024000001,208.0
639.8750024000001,202.0
640.0000024000001,204.0
640.1250024000001,200.0
640.2500024000001,222.0
640.3750024000001,252.0
640.5000024000001,192.0
640.6250024000001,230.0
640.7500024000001,214.0
640.8750024000001,238.0
641.0000024000001,230.0
641.1250024000001,234.0
641.2500024000001,260.0
641.3750024000001,230.0
641.5000024000001,208.0
641.6250024000001,234.0
641.7500024000001,208.0
641.8750024000001,204.0
642.0000024000001,200.0
642.1250024000001,216.0
642.2500024000001,196.0
642.3750024000001,206.0
642.5000024000001,238.0
642.6250024000001,202.0
642.7500024000001,242.0
642.8750024000001,236.0
643.0000024000001,188.0
643.1250024000001,204.0
643.2500024000001,232.0
643.3750024000001,214.0
643.5000024000001,230.0
643.6250024000001,220.0
643.7500024000001,248.0
643.8750024000001,188.0
644.0000024000001,224.0
644.1250024000001,180.0
644.2500024000001,242.0
644.3750024000001,198.0
644.5000024000001,186.0
644.6250024000001,176.0
644.7500024000001,184.0
644.8750024000001,206.0
645.0000024000001,212.0
645.1250024000001,220.0
645.2500024000001,202.0
645.3750024000001,214.0
645.5000024000001,214.0
645.6250024000001,210.0
645.7500024000001,206.0
645.8750024000001,190.0
646.0000024000001,208.0
646.1250024000001,234.0
646.2500024000001,214.0
646.3750024000001,192.0
646.5000024000001,222.0
646.6250024000001,212.0
646.7500024000001,238.0
646.8750024000001,244.0
647.0000024000001,250.0
647.1250024000001,224.0
647.2500024000001,226.0
647.3750024000001,206.0
647.5000024000001,204.0
647.6250024000001,250.0
647.7500024000001,214.0
647.8750024000001,182.0
648.0000024000001,216.0
648.1250024000001,226.0
648.2500024000001,208.0
648.3750024000001,222.0
648.5000024000001,200.0
648.6250024000001,204.0
648.7500024000001,192.0
648.8750024000001,174.0
649.0000024000001,236.0
649.1250024000001,188.0
649.2500024000001,204.0
649.3750024000001,176.0
649.5000024000001,196.0
649.6250024000001,172.0
649.7500024000001,208.0
649.8750024000001,196.0
650.0000024000001,204.0
650.1250024000001,190.0
650.2500024000001,212.0
650.3750024000001,182.0
650.5000024000001,174.0
650.6250024000001,180.0
650.7500024000001,210.0
650.8750024000001,186.0
651.0000024000001,204.0
651.1250024000001,210.0
651.2500024000001,222.0
651.3750024000001,186.0
651.5000024000001,170.0
651.6250024000001,154.0
651.7500024000001,188.0
651.8750024000001,132.0
652.0000024000001,198.0
652.1250024000001,174.0
652.2500024000001,204.0
652.3750024000001,166.0
652.5000024000001,200.0
652.6250024000001,192.0
652.7500024000001,140.0
652.8750024000001,204.0
653.0000024000001,142.0
653.1250024000001,170.0
653.2500024000001,184.0
653.3750024000001,186.0
653.5000024000001,154.0
653.6250024000001,204.0
653.7500024000001,144.0
653.8750024000001,176.0
654.0000024000001,170.0
654.1250024000001,166.0
654.2500024000001,158.0
654.3750024000001,170.0
654.5000024000001,196.0
654.6250024000001,188.0
654.7500024000001,194.0
654.8750024000001,210.0
655.0000024000001,234.0
655.1250024000001,230.0
655.2500024000001,228.0
655.3750024000001,222.0
655.5000024000001,202.0
655.6250024000001,212.0
655.7500024000001,198.0
655.8750024000001,212.0
656.0000024000001,154.0
656.1250024000001,180.0
656.2500024000001,150.0
656.3750024000001,138.0
656.5000024000001,210.0
656.6250024000001,174.0
656.7500024000001,192.0
656.8750024000001,154.0
657.0000024000001,198.0
657.1250024000001,184.0
657.2500024000001,164.0
657.3750024000001,158.0
657.5000024000001,192.0
657.6250024000001,188.0
657.7500024000001,224.0
657.8750024000001,176.0
658.0000024000001,200.0
658.1250024000001,160.0
658.2500024000001,140.0
658.3750024000001,168.0
658.5000024000001,186.0
658.6250024000001,166.0
658.7500024000001,166.0
658.8750024000001,170.0
659.0000024000001,152.0
659.1250024000001,168.0
659.2500024000001,168.0
659.3750024000001,178.0
659.5000024000001,166.0
659.6250024000001,184.0
659.7500024000001,232.0
659.8750024000001,250.0
660.0000024000001,316.0
660.1250024000001,380.0
660.2500024000001,360.0
660.3750024000001,346.0
660.5000024000001,302.0
660.6250024000001,254.0
660.7500024000001,218.0
660.8750024000001,226.0
661.0000024000001,166.0
661.1250024000001,246.0
661.2500024000001,176.0
661.3750024000001,188.0
661.5000024000001,178.0
661.6250024000001,186.0
661.7500024000001,172.0
661.8750024000001,168.0
662.0000024000001,162.0
662.1250024000001,168.0
662.2500024000001,190.0
662.3750024000001,272.0
662.5000024000001,294.0
662.6250024000001,314.0
662.7500024000001,300.0
662.8750024000001,232.0
663.0000024000001,212.0
663.1250024000001,180.0
663.2500024000001,188.0
663.3750024000001,190.0
663.5000024000001,178.0
663.6250024000001,170.0
663.7500024000001,164.0
663.8750024000001,168.0
664.0000024000001,134.0
664.1250024000001,150.0
664.2500024000001,152.0
664.3750024000001,152.0
664.5000024000001,158.0
664.6250024000001,160.0
664.7500024000001,162.0
664.8750024000001,148.0
665.0000024000001,184.0
665.1250024000001,122.0
665.2500024000001,160.0
665.3750024000001,184.0
665.5000024000001,156.0
665.6250024000001,152.0
665.7500024000001,152.0
665.8750024000001,136.0
666.0000024000001,150.0
666.1250024000001,206.0
666.2500024000001,170.0
666.3750024000001,166.0
666.5000024000001,140.0
666.6250024000001,168.0
666.7500024000001,140.0
666.8750024000001,210.0
667.0000024000001,150.0
667.1250024000001,162.0
667.2500024000001,164.0
667.3750024000001,144.0
667.5000024000001,174.0
667.6250024000001,196.0
667.7500024000001,218.0
667.8750024000001,198.0
668.0000024000001,164.0
668.1250024000001,182.0
668.2500024000001,196.0
668.3750024000001,196.0
668.5000024000001,172.0
668.6250024000001,168.0
668.7500024000001,164.0
668.8750024000001,198.0
669.0000024000001,160.0
669.1250024000001,182.0
669.2500024000001,192.0
669.3750024000001,250.0
669.5000024000001,218.0
669.6250024000001,184.0
669.7500024000001,196.0
669.8750024000001,142.0
670.0000024000001,200.0
670.1250024000001,192.0
670.2500024000001,206.0
670.3750024000001,188.0
670.5000024000001,162.0
670.6250024000001,198.0
670.7500024000001,238.0
670.8750024000001,170.0
671.0000024000001,184.0
671.1250024000001,200.0
671.2500024000001,164.0
671.3750024000001,152.0
671.5000024000001,170.0
671.6250024000001,206.0
671.7500024000001,180.0
671.8750024000001,174.0
672.0000024000001,196.0
672.1250024000001,184.0
672.2500024000001,198.0
672.3750024000001,174.0
672.5000024000001,176.0
672.6250024000001,158.0
672.7500024000001,186.0
672.8750024000001,150.0
673.0000024000001,164.0
673.1250024000001,148.0
673.2500024000001,190.0
673.3750024000001,196.0
673.5000024000001,110.0
673.6250024000001,218.0
673.7500024000001,156.0
673.8750024000001,188.0
674.0000024000001,196.0
674.1250024000001,236.0
674.2500024000001,222.0
674.3750024000001,250.0
674.5000024000001,174.0
674.6250024000001,162.0
674.7500024000001,154.0
674.8750024000001,154.0
675.0000024000001,190.0
675.1250024000001,178.0
675.2500024000001,160.0
675.3750024000001,150.0
675.5000024000001,198.0
675.6250024000001,174.0
675.7500024000001,138.0
675.8750024000001,148.0
676.0000024000001,170.0
676.1250024000001,186.0
676.2500024000001,200.0
676.3750024000001,186.0
676.5000024000001,196.0
676.6250024000001,182.0
676.7500024000001,150.0
676.8750024000001,198.0
677.0000024000001,180.0
677.1250024000001,162.0
677.2500024000001,160.0
677.3750024000001,180.0
677.5000024000001,166.0
677.6250024000001,176.0
677.7500024000001,172.0
677.8750024000001,178.0
678.0000024000001,180.0
678.1250024000001,178.0
678.2500024000001,228.0
678.3750024000001,178.0
678.5000024000001,226.0
678.6250024000001,184.0
678.7500024000001,252.0
678.8750024000001,204.0
679.0000024000001,184.0
679.1250024000001,214.0
679.2500024000001,186.0
679.3750024000001,182.0
679.5000024000001,200.0
679.6250024000001,206.0
679.7500024000001,174.0
679.8750024000001,180.0
680.0000024000001,164.0
680.1250024000001,170.0
680.2500024000001,180.0
680.3750024000001,174.0
680.5000024000001,168.0
680.6250024000001,184.0
680.7500024000001,180.0
680.8750024000001,174.0
681.0000024000001,160.0
681.1250024000001,176.0
681.2500024000001,160.0
681.3750024000001,154.0
681.5000024000001,164.0
681.6250024000001,178.0
681.7500024000001,186.0
681.8750024000001,198.0
682.0000024000001,186.0
682.1250024000001,190.0
682.2500024000001,166.0
682.3750024000001,178.0
682.5000024000001,130.0
682.6250024000001,148.0
682.7500024000001,160.0
682.8750024000001,164.0
683.0000024000001,182.0
683.1250024000001,136.0
683.2500024000001,150.0
683.3750024000001,164.0
683.5000024000001,200.0
683.6250024000001,166.0
683.7500024000001,184.0
683.8750024000001,188.0
684.0000024000001,156.0
684.1250024000001,158.0
684.2500024000001,176.0
684.3750024000001,146.0
684.5000024000001,166.0
684.6250024000001,194.0
684.7500024000001,144.0
684.8750024000001,184.0
685.0000024000001,158.0
685.1250024000001,160.0
685.2500024000001,156.0
685.3750024000001,164.0
685.5000024000001,188.0
685.6250024000001,142.0
685.7500024000001,192.0
685.8750024000001,162.0
686.0000024000001,154.0
686.1250024000001,192.0
686.2500024000001,196.0
686.3750024000001,194.0
686.5000024000001,196.0
686.6250024000001,172.0
686.7500024000001,188.0
686.8750024000001,204.0
687.0000024000001,162.0
687.1250024000001,186.0
687.2500024000001,170.0
687.3750024000001,178.0
687.5000024000001,174.0
687.6250024000001,190.0
687.7500024000001,158.0
687.8750024000001,186.0
688.0000024000001,170.0
688.1250024000001,152.0
688.2500024000001,176.0
688.3750024000001,156.0
688.5000024000001,188.0
688.6250024000001,164.0
688.7500024000001,166.0
688.8750024000001,154.0
689.0000024000001,142.0
689.1250024000001,146.0
689.2500024000001,164.0
689.3750024000001,154.0
689.5000024000001,180.0
689.6250024000001,180.0
689.7500024000001,188.0
689.8750024000001,182.0
690.0000024000001,140.0
690.1250024000001,168.0
690.2500024000001,170.0
690.3750024000001,144.0
690.5000024000001,164.0
690.6250024000001,152.0
690.7500024000001,146.0
690.8750024000001,160.0
691.0000024000001,186.0
691.1250024000001,148.0
691.2500024000001,200.0
691.3750024000001,170.0
691.5000024000001,200.0
691.6250024000001,154.0
691.7500024000001,162.0
691.8750024000001,146.0
692.0000024000001,172.0
692.1250024000001,144.0
692.2500024000001,154.0
692.3750024000001,146.0
692.5000024000001,126.0
692.6250024000001,158.0
692.7500024000001,152.0
692.8750024000001,154.0
693.0000024000001,150.0
693.1250024000001,150.0
693.2500024000001,160.0
693.3750024000001,124.0
693.5000024000001,178.0
693.6250024000001,198.0
693.7500024000001,200.0
693.8750024000001,178.0
694.0000024000001,190.0
694.1250024000001,182.0
694.2500024000001,198.0
694.3750024000001,154.0
694.5000024000001,172.0
694.6250024000001,166.0
694.7500024000001,192.0
694.8750024000001,224.0
695.0000024000001,216.0
695.1250024000001,208.0
695.2500024000001,204.0
695.3750024000001,226.0
695.5000024000001,182.0
695.6250024000001,222.0
695.7500024000001,192.0
695.8750024000001,182.0
696.0000024000001,174.0
696.1250024000001,150.0
696.2500024000001,194.0
696.3750024000001,166.0
696.5000024000001,142.0
696.6250024000001,138.0
696.7500024000001,170.0
696.8750024000001,146.0
697.0000024000001,152.0
697.1250024000001,162.0
697.2500024000001,150.0
697.3750024000001,140.0
697.5000024000001,138.0
697.6250024000001,164.0
697.7500024000001,152.0
697.8750024000001,164.0
698.0000024000001,162.0
698.1250024000001,172.0
698.2500024000001,108.0
698.3750024000001,136.0
698.5000024000001,176.0
698.6250024000001,152.0
698.7500024000001,144.0
698.8750024000001,140.0
699.0000024000001,150.0
699.1250024000001,136.0
699.2500024000001,172.0
699.3750024000001,124.0
699.5000024000001,148.0
699.6250024000001,170.0
699.7500024000001,136.0
699.8750024000001,172.0
700.0000024000001,134.0
700.1250024000001,178.0
700.2500024000001,148.0
700.3750024000001,200.0
700.5000024000001,144.0
700.6250024000001,134.0
700.7500024000001,116.0
700.8750024000001,160.0
701.0000024000001,118.0
701.1250024000001,146.0
701.2500024000001,144.0
701.3750024000001,112.0
701.5000024000001,166.0
701.6250024000001,112.0
701.7500024000001,150.0
701.8750024000001,168.0
702.0000024000001,186.0
702.1250024000001,168.0
702.2500024000001,142.0
702.3750024000001,154.0
702.5000024000001,184.0
702.6250024000001,160.0
702.7500024000001,120.0
702.8750024000001,140.0
703.0000024000001,146.0
703.1250024000001,160.0
703.2500024000001,128.0
703.3750024000001,176.0
703.5000024000001,152.0
703.6250024000001,124.0
703.7500024000001,152.0
703.8750024000001,136.0
704.0000024000001,158.0
704.1250024000001,152.0
704.2500024000001,114.0
704.3750024000001,154.0
704.5000024000001,122.0
704.6250024000001,110.0
704.7500024000001,144.0
704.8750024000001,134.0
705.0000024000001,152.0
705.1250024000001,160.0
705.2500024000001,138.0
705.3750024000001,148.0
705.5000024000001,130.0
705.6250024000001,150.0
705.7500024000001,130.0
705.8750024000001,152.0
706.0000024000001,118.0
706.1250024000001,136.0
706.2500024000001,164.0
706.3750024000001,158.0
706.5000024000001,150.0
706.6250024000001,174.0
706.7500024000001,140.0
706.8750024000001,110.0
707.0000024000001,150.0
707.1250024000001,118.0
707.2500024000001,122.0
707.3750024000001,138.0
707.5000024000001,168.0
707.6250024000001,164.0
707.7500024000001,124.0
707.8750024000001,124.0
708.0000024000001,154.0
708.1250024000001,142.0
708.2500024000001,126.0
708.3750024000001,154.0
708.5000024000001,176.0
708.6250024000001,138.0
708.7500024000001,140.0
708.8750024000001,162.0
709.0000024000001,134.0
709.1250024000001,108.0
709.2500024000001,144.0
709.3750024000001,162.0
709.5000024000001,144.0
709.6250024000001,112.0
709.7500024000001,136.0
709.8750024000001,142.0
710.0000024000001,180.0
710.1250024000001,102.0
710.2500024000001,148.0
710.3750024000001,148.0
710.5000024000001,148.0
710.6250024000001,114.0
710.7500024000001,132.0
710.8750024000001,166.0
711.0000024000001,120.0
711.1250024000001,136.0
711.2500024000001,152.0
711.3750024000001,124.0
711.5000024000001,152.0
711.6250024000001,126.0
711.7500024000001,118.0
711.8750024000001,144.0
712.0000024000001,130.0
712.1250024000001,136.0
712.2500024000001,168.0
712.3750024000001,132.0
712.5000024000001,160.0
712.6250024000001,150.0
712.7500024000001,128.0
712.8750024000001,138.0
713.0000024000001,120.0
713.1250024000001,160.0
713.2500024000001,130.0
713.3750024000001,148.0
713.5000024000001,116.0
713.6250024000001,126.0
713.7500024000001,94.0
713.8750024000001,134.0
714.0000024000001,132.0
714.1250024000001,164.0
714.2500024000001,136.0
714.3750024000001,130.0
714.5000024000001,156.0
714.6250024000001,136.0
714.7500024000001,138.0
714.8750024000001,112.0
715.0000024000001,144.0
715.1250024000001,114.0
715.2500024000001,134.0
715.3750024000001,122.0
715.5000024000001,154.0
715.6250024000001,124.0
715.7500024000001,140.0
715.8750024000001,120.0
716.0000024000001,124.0
716.1250024000001,174.0
716.2500024000001,148.0
716.3750024000001,160.0
716.5000024000001,136.0
716.6250024000001,132.0
716.7500024000001,118.0
716.8750024000001,120.0
717.0000024000001,118.0
717.1250024000001,150.0
717.2500024000001,120.0
717.3750024000001,126.0
717.5000024000001,156.0
717.6250024000001,116.0
717.7500024000001,154.0
717.8750024000001,92.0
718.0000024000001,134.0
718.1250024000001,150.0
718.2500024000001,124.0
718.3750024000001,158.0
718.5000024000001,110.0
718.6250024000001,154.0
718.7500024000001,118.0
718.8750024000001,164.0
719.0000024000001,106.0
719.1250024000001,140.0
719.2500024000001,144.0
719.3750024000001,140.0
719.5000024000001,138.0
719.6250024000001,156.0
719.7500024000001,142.0
719.8750024000001,134.0
720.0000024000001,120.0
720.1250024000001,136.0
720.2500024000001,146.0
720.3750024000001,124.0
720.5000024000001,116.0
720.6250024000001,118.0
720.7500024000001,118.0
720.8750024000001,140.0
721.0000024000001,116.0
721.1250024000001,128.0
721.2500024000001,94.0
721.3750024000001,136.0
721.5000024000001,108.0
721.6250024000001,138.0
721.7500024000001,136.0
721.8750024000001,138.0
722.0000024000001,144.0
722.1250024000001,116.0
722.2500024000001,148.0
722.3750024000001,134.0
722.5000024000001,170.0
722.6250024000001,124.0
722.7500024000001,162.0
722.8750024000001,138.0
723.0000024000001,168.0
723.1250024000001,126.0
723.2500024000001,146.0
723.3750024000001,118.0
723.5000024000001,150.0
723.6250024000001,122.0
723.7500024000001,154.0
723.8750024000001,158.0
724.0000024000001,106.0
724.1250024000001,160.0
724.2500024000001,116.0
724.3750024000001,166.0
724.5000024000001,150.0
724.6250024000001,172.0
724.7500024000001,152.0
724.8750024000001,164.0
725.0000024000001,122.0
725.1250024000001,144.0
725.2500024000001,124.0
725.3750024000001,120.0
725.5000024000001,158.0
725.6250024000001,108.0
725.7500024000001,94.0
725.8750024000001,152.0
726.0000024000001,114.0
726.1250024000001,144.0
726.2500024000001,118.0
726.3750024000001,104.0
726.5000024000001,128.0
726.6250024000001,146.0
726.7500024000001,122.0
726.8750024000001,138.0
727.0000024000001,108.0
727.1250024000001,136.0
727.2500024000001,124.0
727.3750024000001,136.0
727.5000024000001,112.0
727.6250024000001,98.0
727.7500024000001,130.0
727.8750024000001,138.0
728.0000024000001,156.0
728.1250024000001,152.0
728.2500024000001,132.0
728.3750024000001,112.0
728.5000024000001,140.0
728.6250024000001,130.0
728.7500024000001,120.0
728.8750024000001,142.0
729.0000024000001,134.0
729.1250024000001,170.0
729.2500024000001,132.0
729.3750024000001,158.0
729.5000024000001,102.0
729.6250024000001,154.0
729.7500024000001,136.0
729.8750024000001,136.0
730.0000024000001,132.0
730.1250024000001,130.0
730.2500024000001,118.0
730.3750024000001,142.0
730.5000024000001,148.0
730.6250024000001,118.0
730.7500024000001,156.0
730.8750024000001,102.0
731.0000024000001,134.0
731.1250024000001,128.0
731.2500024000001,164.0
731.3750024000001,146.0
731.5000024000001,106.0
731.6250024000001,136.0
731.7500024000001,110.0
731.8750024000001,142.0
732.0000024000001,108.0
732.1250024000001,136.0
732.2500024000001,122.0
732.3750024000001,116.0
732.5000024000001,74.0
732.6250024000001,130.0
732.7500024000001,164.0
732.8750024000001,134.0
733.0000024000001,136.0
733.1250024000001,124.0
733.2500024000001,110.0
733.3750024000001,126.0
733.5000024000001,130.0
733.6250024000001,142.0
733.7500024000001,138.0
733.8750024000001,116.0
734.0000024000001,108.0
734.1250024000001,118.0
734.2500024000001,140.0
734.3750024000001,96.0
734.5000024000001,108.0
734.6250024000001,112.0
734.7500024000001,118.0
734.8750024000001,138.0
735.0000024000001,114.0
735.1250024000001,110.0
735.2500024000001,104.0
735.3750024000001,126.0
735.5000024000001,132.0
735.6250024000001,130.0
735.7500024000001,136.0
735.8750024000001,102.0
736.0000024000001,120.0
736.1250024000001,114.0
736.2500024000001,142.0
736.3750024000001,98.0
736.5000024000001,164.0
736.6250024000001,120.0
736.7500024000001,144.0
736.8750024000001,136.0
737.0000024000001,126.0
737.1250024000001,124.0
737.2500024000001,126.0
737.3750024000001,122.0
737.5000024000001,68.0
737.6250024000001,142.0
737.7500024000001,116.0
737.8750024000001,152.0
738.0000024000001,112.0
738.1250024000001,134.0
738.2500024000001,80.0
738.3750024000001,124.0
738.5000024000001,104.0
738.6250024000001,112.0
738.7500024000001,134.0
738.8750024000001,94.0
739.0000024000001,130.0
739.1250024000001,106.0
739.2500024000001,114.0
739.3750024000001,86.0
739.5000024000001,104.0
739.6250024000001,114.0
739.7500024000001,124.0
739.8750024000001,106.0
740.0000024000001,110.0
740.1250024000001,144.0
740.2500024000001,112.0
740.3750024000001,132.0
740.5000024000001,96.0
740.6250024000001,102.0
740.7500024000001,86.0
740.8750024000001,134.0
741.0000024000001,138.0
741.1250024000001,88.0
741.2500024000001,106.0
741.3750024000001,116.0
741.5000024000001,134.0
741.6250024000001,148.0
741.7500024000001,122.0
741.8750024000001,104.0
742.0000024000001,164.0
742.1250024000001,110.0
742.2500024000001,130.0
742.3750024000001,134.0
742.5000024000001,142.0
742.6250024000001,130.0
742.7500024000001,94.0
742.8750024000001,102.0
743.0000024000001,120.0
743.1250024000001,136.0
743.2500024000001,102.0
743.3750024000001,126.0
743.5000024000001,120.0
743.6250024000001,104.0
743.7500024000001,106.0
743.8750024000001,144.0
744.0000024000001,126.0
744.1250024000001,106.0
744.2500024000001,116.0
744.3750024000001,110.0
744.5000024000001,100.0
744.6250024000001,116.0
744.7500024000001,130.0
744.8750024000001,132.0
745.0000024000001,102.0
745.1250024000001,114.0
745.2500024000001,108.0
745.3750024000001,116.0
745.5000024000001,90.0
745.6250024000001,124.0
745.7500024000001,100.0
745.8750024000001,88.0
746.0000024000001,90.0
746.1250024000001,86.0
746.2500024000001,112.0
746.3750024000001,108.0
746.5000024000001,140.0
746.6250024000001,116.0
746.7500024000001,104.0
746.8750024000001,92.0
747.0000024000001,86.0
747.1250024000001,96.0
747.2500024000001,64.0
747.3750024000001,102.0
747.5000024000001,124.0
747.6250024000001,140.0
747.7500024000001,90.0
747.8750024000001,98.0
748.0000024000001,94.0
748.1250024000001,112.0
748.2500024000001,108.0
748.3750024000001,116.0
748.5000024000001,116.0
748.6250024000001,114.0
748.7500024000001,108.0
748.8750024000001,122.0
749.0000024000001,124.0
749.1250024000001,104.0
749.2500024000001,132.0
749.3750024000001,110.0
749.5000024000001,108.0
749.6250024000001,78.0
749.7500024000001,98.0
749.8750024000001,112.0
750.0000024000001,86.0
750.1250024000001,100.0
750.2500024000001,122.0
750.3750024000001,110.0
750.5000024000001,100.0
750.6250024000001,148.0
750.7500024000001,98.0
750.8750024000001,124.0
751.0000024000001,104.0
751.1250024000001,100.0
751.2500024000001,114.0
751.3750024000001,114.0
751.5000024000001,114.0
751.6250024000001,110.0
751.7500024000001,106.0
751.8750024000001,114.0
752.0000024000001,104.0
752.1250024000001,130.0
752.2500024000001,104.0
752.3750024000001,110.0
752.5000024000001,98.0
752.6250024000001,110.0
752.7500024000001,76.0
752.8750024000001,88.0
753.0000024000001,120.0
753.1250024000001,110.0
753.2500024000001,112.0
753.3750024000001,110.0
753.5000024000001,126.0
753.6250024000001,128.0
753.7500024000001,120.0
753.8750024000001,112.0
754.0000024000001,112.0
754.1250024000001,76.0
754.2500024000001,166.0
754.3750024000001,104.0
754.5000024000001,160.0
754.6250024000001,118.0
754.7500024000001,122.0
754.8750024000001,144.0
755.0000024000001,202.0
755.1250024000001,188.0
755.2500024000001,192.0
755.3750024000001,212.0
755.5000024000001,214.0
755.6250024000001,164.0
755.7500024000001,158.0
755.8750024000001,180.0
756.0000024000001,126.0
756.1250024000001,172.0
756.2500024000001,104.0
756.3750024000001,134.0
756.5000024000001,102.0
756.6250024000001,150.0
756.7500024000001,138.0
756.8750024000001,116.0
757.0000024000001,152.0
757.1250024000001,122.0
757.2500024000001,136.0
757.3750024000001,132.0
757.5000024000001,140.0
757.6250024000001,140.0
757.7500024000001,138.0
757.8750024000001,108.0
758.0000024000001,132.0
758.1250024000001,122.0
758.2500024000001,128.0
758.3750024000001,152.0
758.5000024000001,140.0
758.6250024000001,162.0
758.7500024000001,120.0
758.8750024000001,104.0
759.0000024000001,100.0
759.1250024000001,130.0
759.2500024000001,128.0
759.3750024000001,138.0
759.5000024000001,130.0
759.6250024000001,84.0
759.7500024000001,114.0
759.8750024000001,94.0
760.0000024000001,120.0
760.1250024000001,92.0
760.2500024000001,150.0
760.3750024000001,90.0
760.5000024000001,118.0
760.6250024000001,86.0
760.7500024000001,90.0
760.8750024000001,62.0
761.0000024000001,96.0
761.1250024000001,94.0
761.2500024000001,112.0
761.3750024000001,122.0
761.5000024000001,72.0
761.6250024000001,96.0
761.7500024000001,66.0
761.8750024000001,102.0
762.0000024000001,90.0
762.1250024000001,110.0
762.2500024000001,136.0
762.3750024000001,124.0
762.5000024000001,108.0
762.6250024000001,136.0
762.7500024000001,116.0
762.8750024000001,92.0
763.0000024000001,136.0
763.1250024000001,96.0
763.2500024000001,88.0
763.3750024000001,76.0
763.5000024000001,66.0
763.6250024000001,100.0
763.7500024000001,84.0
763.8750024000001,112.0
764.0000024000001,72.0
764.1250024000001,88.0
764.2500024000001,102.0
764.3750024000001,84.0
764.5000024000001,88.0
764.6250024000001,106.0
764.7500024000001,70.0
764.8750024000001,68.0
765.0000024000001,90.0
765.1250024000001,80.0
765.2500024000001,74.0
765.3750024000001,90.0
765.5000024000001,96.0
765.6250024000001,110.0
765.7500024000001,106.0
765.8750024000001,112.0
766.0000024000001,110.0
766.1250024000001,112.0
766.2500024000001,106.0
766.3750024000001,86.0
766.5000024000001,82.0
766.6250024000001,118.0
766.7500024000001,82.0
766.8750024000001,98.0
767.0000024000001,90.0
767.1250024000001,92.0
767.2500024000001,106.0
767.3750024000001,84.0
767.5000024000001,94.0
767.6250024000001,86.0
767.7500024000001,114.0
767.8750024000001,78.0
768.0000024000001,98.0
768.1250024000001,100.0
768.2500024000001,124.0
768.3750024000001,84.0
768.5000024000001,150.0
768.6250024000001,154.0
768.7500024000001,144.0
768.8750024000001,152.0
769.0000024000001,84.0
769.1250024000001,154.0
769.2500024000001,114.0
769.3750024000001,104.0
769.5000024000001,74.0
769.6250024000001,120.0
769.7500024000001,94.0
769.8750024000001,114.0
770.0000024000001,76.0
770.1250024000001,96.0
770.2500024000001,90.0
770.3750024000001,88.0
770.5000024000001,110.0
770.6250024000001,94.0
770.7500024000001,120.0
770.8750024000001,96.0
771.0000024000001,100.0
771.1250024000001,132.0
771.2500024000001,146.0
771.3750024000001,114.0
771.5000024000001,140.0
771.6250024000001,116.0
771.7500024000001,100.0
771.8750024000001,120.0
772.0000024000001,64.0
772.1250024000001,116.0
772.2500024000001,92.0
772.3750024000001,142.0
772.5000024000001,72.0
772.6250024000001,74.0
772.7500024000001,110.0
772.8750024000001,66.0
773.0000024000001,110.0
773.1250024000001,88.0
773.2500024000001,86.0
773.3750024000001,84.0
773.5000024000001,96.0
773.6250024000001,88.0
773.7500024000001,94.0
773.8750024000001,72.0
774.0000024000001,94.0
774.1250024000001,74.0
774.2500024000001,104.0
774.3750024000001,68.0
774.5000024000001,64.0
774.6250024000001,82.0
774.7500024000001,68.0
774.8750024000001,72.0
775.0000024000001,80.0
775.1250024000001,68.0
775.2500024000001,92.0
775.3750024000001,78.0
775.5000024000001,104.0
775.6250024000001,90.0
775.7500024000001,60.0
775.8750024000001,54.0
776.0000024000001,130.0
776.1250024000001,94.0
776.2500024000001,96.0
776.3750024000001,78.0
776.5000024000001,70.0
776.6250024000001,88.0
776.7500024000001,96.0
776.8750024000001,90.0
777.0000024000001,72.0
777.1250024000001,76.0
777.2500024000001,74.0
777.3750024000001,112.0
777.5000024000001,66.0
777.6250024000001,90.0
777.7500024000001,86.0
777.8750024000001,110.0
778.0000024000001,94.0
778.1250024000001,104.0
778.2500024000001,80.0
778.3750024000001,44.0
778.5000024000001,126.0
778.6250024000001,96.0
778.7500024000001,64.0
778.8750024000001,68.0
779.0000024000001,90.0
779.1250024000001,98.0
779.2500024000001,64.0
779.3750024000001,40.0
779.5000024000001,70.0
779.6250024000001,74.0
779.7500024000001,74.0
779.8750024000001,114.0
780.0000024000001,80.0
780.1250024000001,70.0
780.2500024000001,70.0
780.3750024000001,68.0
780.5000024000001,64.0
780.6250024000001,84.0
780.7500024000001,84.0
780.8750024000001,62.0
781.0000024000001,58.0
781.1250024000001,106.0
781.2500024000001,134.0
781.3750024000001,100.0
781.5000024000001,144.0
781.6250024000001,106.0
781.7500024000001,144.0
781.8750024000001,106.0
782.0000024000001,86.0
782.1250024000001,146.0
782.2500024000001,140.0
782.3750024000001,136.0
782.5000024000001,106.0
782.6250024000001,90.0
782.7500024000001,100.0
782.8750024000001,112.0
783.0000024000001,64.0
783.1250024000001,112.0
783.2500024000001,90.0
783.3750024000001,106.0
783.5000024000001,82.0
783.6250024000001,104.0
783.7500024000001,110.0
783.8750024000001,98.0
784.0000024000001,102.0
784.1250024000001,82.0
784.2500024000001,114.0
784.3750024000001,86.0
784.5000024000001,96.0
784.6250024000001,110.0
784.7500024000001,58.0
784.8750024000001,82.0
785.0000024000001,88.0
785.1250024000001,102.0
785.2500024000001,102.0
785.3750024000001,78.0
785.5000024000001,70.0
785.6250024000001,78.0
785.7500024000001,80.0
785.8750024000001,68.0
786.0000024000001,96.0
786.1250024000001,100.0
786.2500024000001,104.0
786.3750024000001,104.0
786.5000024000001,92.0
786.6250024000001,54.0
786.7500024000001,88.0
786.8750024000001,60.0
787.0000024000001,116.0
787.1250024000001,56.0
787.2500024000001,90.0
787.3750024000001,64.0
787.5000024000001,108.0
787.6250024000001,88.0
787.7500024000001,94.0
787.8750024000001,88.0
788.0000024000001,76.0
788.1250024000001,70.0
788.2500024000001,68.0
788.3750024000001,96.0
788.5000024000001,74.0
788.6250024000001,98.0
788.7500024000001,70.0
788.8750024000001,112.0
789.0000024000001,110.0
789.1250024000001,82.0
789.2500024000001,116.0
789.3750024000001,58.0
789.5000024000001,76.0
789.6250024000001,106.0
789.7500024000001,82.0
789.8750024000001,96.0
790.0000024000001,74.0
790.1250024000001,86.0
790.2500024000001,94.0
790.3750024000001,96.0
790.5000024000001,58.0
790.6250024000001,96.0
790.7500024000001,100.0
790.8750024000001,92.0
791.0000024000001,86.0
791.1250024000001,74.0
791.2500024000001,66.0
791.3750024000001,62.0
791.5000024000001,114.0
791.6250024000001,70.0
791.7500024000001,110.0
791.8750024000001,42.0
792.0000024000001,82.0
792.1250024000001,78.0
792.2500024000001,90.0
792.3750024000001,52.0
792.5000024000001,78.0
792.6250024000001,88.0
792.7500024000001,110.0
792.8750024000001,100.0
793.0000024000001,60.0
793.1250024000001,82.0
793.2500024000001,64.0
793.3750024000001,52.0
793.5000024000001,64.0
793.6250024000001,102.0
793.7500024000001,104.0
793.8750024000001,82.0
794.0000024000001,94.0
794.1250024000001,76.0
794.2500024000001,64.0
794.3750024000001,74.0
794.5000024000001,66.0
794.6250024000001,64.0
794.7500024000001,56.0
794.8750024000001,44.0
795.0000024000001,90.0
795.1250024000001,82.0
795.2500024000001,38.0
795.3750024000001,58.0
795.5000024000001,54.0
795.6250024000001,84.0
795.7500024000001,52.0
795.8750024000001,78.0
796.0000024000001,76.0
796.1250024000001,98.0
796.2500024000001,76.0
796.3750024000001,74.0
796.5000024000001,78.0
796.6250024000001,88.0
796.7500024000001,66.0
796.8750024000001,88.0
797.0000024000001,124.0
797.1250024000001,92.0
797.2500024000001,76.0
797.3750024000001,92.0
797.5000024000001,60.0
797.6250024000001,56.0
797.7500024000001,70.0
797.8750024000001,54.0
798.0000024000001,74.0
798.1250024000001,70.0
798.2500024000001,90.0
798.3750024000001,82.0
798.5000024000001,36.0
798.6250024000001,104.0
798.7500024000001,60.0
798.8750024000001,62.0
799.0000024000001,80.0
799.1250024000001,56.0
799.2500024000001,68.0
799.3750024000001,86.0
799.5000024000001,80.0
799.6250024000001,66.0
799.7500024000001,62.0
799.8750024000001,72.0
800.0000024000001,114.0
800.1250024000001,68.0
800.2500024000001,92.0
800.3750024000001,100.0
800.5000024000001,100.0
800.6250024000001,88.0
800.7500024000001,74.0
800.8750024000001,104.0
801.0000024000001,96.0
801.1250024000001,116.0
801.2500024000001,80.0
801.3750024000001,98.0
801.5000024000001,84.0
801.6250024000001,110.0
801.7500024000001,100.0
801.8750024000001,96.0
802.0000024000001,72.0
802.1250024000001,100.0
802.2500024000001,144.0
802.3750024000001,112.0
802.5000024000001,104.0
802.6250024000001,58.0
802.7500024000001,90.0
802.8750024000001,116.0
803.0000024000001,84.0
803.1250024000001,82.0
803.2500024000001,80.0
803.3750024000001,70.0
803.5000024000001,88.0
803.6250024000001,76.0
803.7500024000001,62.0
803.8750024000001,114.0
804.0000024000001,70.0
804.1250024000001,70.0
804.2500024000001,74.0
804.3750024000001,108.0
804.5000024000001,96.0
804.6250024000001,86.0
804.7500024000001,108.0
804.8750024000001,74.0
805.0000024000001,120.0
805.1250024000001,70.0
805.2500024000001,108.0
805.3750024000001,78.0
805.5000024000001,74.0
805.6250024000001,66.0
805.7500024000001,64.0
805.8750024000001,86.0
806.0000024000001,86.0
806.1250024000001,70.0
806.2500024000001,94.0
806.3750024000001,78.0
806.5000024000001,40.0
806.6250024000001,98.0
806.7500024000001,56.0
806.8750024000001,58.0
807.0000024000001,102.0
807.1250024000001,100.0
807.2500024000001,38.0
807.3750024000001,102.0
807.5000024000001,64.0
807.6250024000001,74.0
807.7500024000001,98.0
807.8750024000001,76.0
808.0000024000001,60.0
808.1250024000001,90.0
808.2500024000001,86.0
808.3750024000001,92.0
808.5000024000001,72.0
808.6250024000001,94.0
808.7500024000001,96.0
808.8750024000001,112.0
809.0000024000001,76.0
809.1250024000001,128.0
809.2500024000001,120.0
809.3750024000001,186.0
809.5000024000001,164.0
809.6250024000001,184.0
809.7500024000001,144.0
809.8750024000001,136.0
810.0000024000001,106.0
810.1250024000001,46.0
810.2500024000001,60.0
810.3750024000001,52.0
810.5000024000001,84.0
810.6250024000001,68.0
810.7500024000001,56.0
810.8750024000001,82.0
811.0000024000001,72.0
811.1250024000001,68.0
811.2500024000001,60.0
811.3750024000001,94.0
811.5000024000001,60.0
811.6250024000001,56.0
811.7500024000001,46.0
811.8750024000001,74.0
812.0000024000001,82.0
812.1250024000001,72.0
812.2500024000001,86.0
812.3750024000001,40.0
812.5000024000001,68.0
812.6250024000001,42.0
812.7500024000001,102.0
812.8750024000001,78.0
813.0000024000001,86.0
813.1250024000001,70.0
813.2500024000001,46.0
813.3750024000001,62.0
813.5000024000001,86.0
813.6250024000001,62.0
813.7500024000001,62.0
813.8750024000001,66.0
814.0000024000001,50.0
814.1250024000001,70.0
814.2500024000001,48.0
814.3750024000001,64.0
814.5000024000001,60.0
814.6250024000001,42.0
814.7500024000001,78.0
814.8750024000001,70.0
815.0000024000001,80.0
815.1250024000001,100.0
815.2500024000001,54.0
815.3750024000001,88.0
815.5000024000001,68.0
815.6250024000001,84.0
815.7500024000001,66.0
815.8750024000001,66.0
816.0000024000001,62.0
816.1250024000001,96.0
816.2500024000001,52.0
816.3750024000001,80.0
816.5000024000001,94.0
816.6250024000001,102.0
816.7500024000001,82.0
816.8750024000001,92.0
817.0000024000001,54.0
817.1250024000001,86.0
817.2500024000001,48.0
817.3750024000001,36.0
817.5000024000001,44.0
817.6250024000001,28.0
817.7500024000001,102.0
817.8750024000001,76.0
818.0000024000001,92.0
818.1250024000001,72.0
818.2500024000001,102.0
818.3750024000001,60.0
818.5000024000001,76.0
818.6250024000001,58.0
818.7500024000001,66.0
818.8750024000001,106.0
819.0000024000001,106.0
819.1250024000001,92.0
819.2500024000001,88.0
819.3750024000001,42.0
819.5000024000001,70.0
819.6250024000001,66.0
819.7500024000001,60.0
819.8750024000001,66.0
820.0000024000001,62.0
820.1250024000001,92.0
820.2500024000001,80.0
820.3750024000001,32.0
820.5000024000001,84.0
820.6250024000001,66.0
820.7500024000001,74.0
820.8750024000001,64.0
821.0000024000001,56.0
821.1250024000001,66.0
821.2500024000001,116.0
821.3750024000001,64.0
821.5000024000001,48.0
821.6250024000001,80.0
821.7500024000001,70.0
821.8750024000001,82.0
822.0000024000001,78.0
822.1250024000001,58.0
822.2500024000001,84.0
822.3750024000001,76.0
822.5000024000001,66.0
822.6250024000001,68.0
822.7500024000001,82.0
822.8750024000001,88.0
823.0000024000001,76.0
823.1250024000001,96.0
823.2500024000001,54.0
823.3750024000001,34.0
823.5000024000001,50.0
823.6250024000001,106.0
823.7500024000001,68.0
823.8750024000001,50.0
824.0000024000001,68.0
824.1250024000001,48.0
824.2500024000001,62.0
824.3750024000001,66.0
824.5000024000001,66.0
824.6250024000001,88.0
824.7500024000001,58.0
824.8750024000001,68.0
825.0000024000001,58.0
825.1250024000001,54.0
825.2500024000001,46.0
825.3750024000001,60.0
825.5000024000001,60.0
825.6250024000001,52.0
825.7500024000001,60.0
825.8750024000001,28.0
826.0000024000001,60.0
826.1250024000001,28.0
826.2500024000001,40.0
826.3750024000001,56.0
826.5000024000001,90.0
826.6250024000001,46.0
826.7500024000001,78.0
826.8750024000001,44.0
827.0000024000001,22.0
827.1250024000001,22.0
827.2500024000001,30.0
827.3750024000001,74.0
827.5000024000001,22.0
827.6250024000001,56.0
827.7500024000001,38.0
827.8750024000001,48.0
828.0000024000001,42.0
828.1250024000001,74.0
828.2500024000001,24.0
828.3750024000001,34.0
828.5000024000001,62.0
828.6250024000001,38.0
828.7500024000001,34.0
828.8750024000001,48.0
829.0000024000001,42.0
829.1250024000001,52.0
829.2500024000001,38.0
829.3750024000001,76.0
829.5000024000001,40.0
829.6250024000001,54.0
829.7500024000001,8.0
829.8750024000001,46.0
830.0000024000001,20.0
830.1250024000001,50.0
830.2500024000001,46.0
830.3750024000001,50.0
830.5000024000001,28.0
830.6250024000001,60.0
830.7500024000001,98.0
830.8750024000001,46.0
831.0000024000001,96.0
831.1250024000001,44.0
831.2500024000001,90.0
831.3750024000001,34.0
831.5000024000001,102.0
831.6250024000001,26.0
831.7500024000001,64.0
831.8750024000001,48.0
832.0000024000001,40.0
832.1250024000001,52.0
832.2500024000001,54.0
832.3750024000001,70.0
832.5000024000001,44.0
832.6250024000001,62.0
832.7500024000001,22.0
832.8750024000001,54.0
833.0000024000001,56.0
833.1250024000001,48.0
833.2500024000001,38.0
833.3750024000001,46.0
833.5000024000001,62.0
833.6250024000001,44.0
833.7500024000001,30.0
833.8750024000001,46.0
834.0000024000001,70.0
834.1250024000001,70.0
834.2500024000001,46.0
834.3750024000001,22.0
834.5000024000001,54.0
834.6250024000001,76.0
834.7500024000001,18.0
834.8750024000001,38.0
835.0000024000001,38.0
835.1250024000001,74.0
835.2500024000001,44.0
835.3750024000001,74.0
835.5000024000001,32.0
835.6250024000001,38.0
835.7500024000001,46.0
835.8750024000001,36.0
836.0000024000001,42.0
836.1250024000001,30.0
836.2500024000001,30.0
836.3750024000001,20.0
836.5000024000001,66.0
836.6250024000001,32.0
836.7500024000001,62.0
836.8750024000001,26.0
837.0000024000001,42.0
837.1250024000001,58.0
837.2500024000001,70.0
837.3750024000001,40.0
837.5000024000001,46.0
837.6250024000001,50.0
837.7500024000001,50.0
837.8750024000001,48.0
838.0000024000001,40.0
838.1250024000001,56.0
838.2500024000001,44.0
838.3750024000001,32.0
838.5000024000001,62.0
838.6250024000001,54.0
838.7500024000001,78.0
838.8750024000001,52.0
839.0000024000001,64.0
839.1250024000001,62.0
839.2500024000001,64.0
839.3750024000001,18.0
839.5000024000001,46.0
839.6250024000001,36.0
839.7500024000001,68.0
839.8750024000001,70.0
840.0000024000001,56.0
840.1250024000001,70.0
840.2500024000001,58.0
840.3750024000001,40.0
840.5000024000001,28.0
840.6250024000001,38.0
840.7500024000001,52.0
840.8750024000001,64.0
841.0000024000001,58.0
841.1250024000001,44.0
841.2500024000001,56.0
841.3750024000001,34.0
841.5000024000001,56.0
841.6250024000001,24.0
841.7500024000001,50.0
841.8750024000001,30.0
842.0000024000001,46.0
842.1250024000001,42.0
842.2500024000001,48.0
842.3750024000001,54.0
842.5000024000001,26.0
842.6250024000001,50.0
842.7500024000001,36.0
842.8750024000001,80.0
843.0000024000001,50.0
843.1250024000001,32.0
843.2500024000001,40.0
843.3750024000001,64.0
843.5000024000001,24.0
843.6250024000001,70.0
843.7500024000001,52.0
843.8750024000001,92.0
844.0000024000001,52.0
844.1250024000001,34.0
844.2500024000001,48.0
844.3750024000001,26.0
844.5000024000001,62.0
844.6250024000001,66.0
844.7500024000001,72.0
844.8750024000001,40.0
845.0000024000001,32.0
845.1250024000001,64.0
845.2500024000001,64.0
845.3750024000001,56.0
845.5000024000001,32.0
845.6250024000001,68.0
845.7500024000001,54.0
845.8750024000001,54.0
846.0000024000001,50.0
846.1250024000001,64.0
846.2500024000001,38.0
846.3750024000001,68.0
846.5000024000001,80.0
846.6250024000001,80.0
846.7500024000001,64.0
846.8750024000001,50.0
847.0000024000001,70.0
847.1250024000001,60.0
847.2500024000001,102.0
847.3750024000001,48.0
847.5000024000001,84.0
847.6250024000001,78.0
847.7500024000001,56.0
847.8750024000001,72.0
848.0000024000001,56.0
848.1250024000001,100.0
848.2500024000001,76.0
848.3750024000001,72.0
848.5000024000001,56.0
848.6250024000001,88.0
848.7500024000001,74.0
848.8750024000001,60.0
849.0000024000001,56.0
849.1250024000001,114.0
849.2500024000001,92.0
849.3750024000001,86.0
849.5000024000001,82.0
849.6250024000001,66.0
849.7500024000001,54.0
849.8750024000001,68.0
850.0000024000001,76.0
850.1250024000001,88.0
850.2500024000001,80.0
850.3750024000001,98.0
850.5000024000001,96.0
850.6250024000001,136.0
850.7500024000001,126.0
850.8750024000001,126.0
851.0000024000001,60.0
851.1250024000001,74.0
851.2500024000001,76.0
851.3750024000001,70.0
851.5000024000001,44.0
851.6250024000001,80.0
851.7500024000001,82.0
851.8750024000001,38.0
852.0000024000001,80.0
852.1250024000001,98.0
852.2500024000001,84.0
852.3750024000001,50.0
852.5000024000001,92.0
852.6250024000001,72.0
852.7500024000001,56.0
852.8750024000001,50.0
853.0000024000001,84.0
853.1250024000001,84.0
853.2500024000001,60.0
853.3750024000001,72.0
853.5000024000001,66.0
853.6250024000001,70.0
853.7500024000001,94.0
853.8750024000001,68.0
854.0000024000001,52.0
854.1250024000001,40.0
854.2500024000001,88.0
854.3750024000001,60.0
854.5000024000001,78.0
854.6250024000001,78.0
854.7500024000001,62.0
854.8750024000001,78.0
855.0000024000001,86.0
855.1250024000001,32.0
855.2500024000001,66.0
855.3750024000001,66.0
855.5000024000001,58.0
855.6250024000001,50.0
855.7500024000001,50.0
855.8750024000001,76.0
856.0000024000001,90.0
856.1250024000001,66.0
856.2500024000001,64.0
856.3750024000001,70.0
856.5000024000001,46.0
856.6250024000001,68.0
856.7500024000001,34.0
856.8750024000001,78.0
857.0000024000001,66.0
857.1250024000001,98.0
857.2500024000001,74.0
857.3750024000001,62.0
857.5000024000001,94.0
857.6250024000001,64.0
857.7500024000001,72.0
857.8750024000001,56.0
858.0000024000001,70.0
858.1250024000001,90.0
858.2500024000001,78.0
858.3750024000001,104.0
858.5000024000001,86.0
858.6250024000001,78.0
858.7500024000001,76.0
858.8750024000001,84.0
859.0000024000001,94.0
859.1250024000001,84.0
859.2500024000001,92.0
859.3750024000001,84.0
859.5000024000001,66.0
859.6250024000001,80.0
859.7500024000001,82.0
859.8750024000001,56.0
860.0000024000001,118.0
860.1250024000001,78.0
860.2500024000001,88.0
860.3750024000001,68.0
860.5000024000001,74.0
860.6250024000001,64.0
860.7500024000001,48.0
860.8750024000001,58.0
861.0000024000001,52.0
861.1250024000001,96.0
861.2500024000001,64.0
861.3750024000001,72.0
861.5000024000001,90.0
861.6250024000001,62.0
861.7500024000001,40.0
861.8750024000001,94.0
862.0000024000001,54.0
862.1250024000001,68.0
862.2500024000001,72.0
862.3750024000001,84.0
862.5000024000001,66.0
862.6250024000001,56.0
862.7500024000001,70.0
862.8750024000001,40.0
863.0000024000001,60.0
863.1250024000001,80.0
863.2500024000001,70.0
863.3750024000001,104.0
863.5000024000001,70.0
863.6250024000001,74.0
863.7500024000001,50.0
863.8750024000001,84.0
864.0000024000001,60.0
864.1250024000001,66.0
864.2500024000001,36.0
864.3750024000001,62.0
864.5000024000001,66.0
864.6250024000001,32.0
864.7500024000001,74.0
864.8750024000001,24.0
865.0000024000001,78.0
865.1250024000001,66.0
865.2500024000001,46.0
865.3750024000001,40.0
865.5000024000001,84.0
865.6250024000001,86.0
865.7500024000001,60.0
865.8750024000001,40.0
866.0000024000001,94.0
866.1250024000001,98.0
866.2500024000001,150.0
866.3750024000001,156.0
866.5000024000001,108.0
866.6250024000001,104.0
866.7500024000001,56.0
866.8750024000001,68.0
867.0000024000001,26.0
867.1250024000001,84.0
867.2500024000001,66.0
867.3750024000001,80.0
867.5000024000001,76.0
867.6250024000001,54.0
867.7500024000001,56.0
867.8750024000001,58.0
868.0000024000001,60.0
868.1250024000001,70.0
868.2500024000001,42.0
868.3750024000001,86.0
868.5000024000001,52.0
868.6250024000001,68.0
868.7500024000001,36.0
868.8750024000001,82.0
869.0000024000001,48.0
869.1250024000001,60.0
869.2500024000001,76.0
869.3750024000001,76.0
869.5000024000001,66.0
869.6250024000001,88.0
869.7500024000001,38.0
869.8750024000001,66.0
