Wavelength(nm),Intensities
632.0500050564,3036.0
632.0541717230667,3068.0
632.0583383897333,3048.0
632.0625050564,3032.0
632.0666717230666,3098.0
632.0708383897334,3088.0
632.0750050564,3190.0
632.0791717230667,3204.0
632.0833383897333,3274.0
632.0875050564,3364.0
632.0916717230666,3434.0
632.0958383897333,3562.0
632.1000050563999,3744.0
632.1041717230667,3880.0
632.1083383897333,4030.0
632.1125050564,4290.0
632.1166717230667,4648.0
632.1208383897333,5060.0
632.1250050564,5334.0
632.1291717230666,6068.0
632.1333383897334,6864.0
632.1375050564,7474.0
632.1416717230667,8162.0
632.1458383897333,8862.0
632.1500050564,9538.0
632.1541717230666,10110.0
632.1583383897333,10684.0
632.1625050563999,11372.0
632.1666717230667,11986.0
632.1708383897333,12532.0
632.1750050564,12998.0
632.1791717230667,13838.0
632.1833383897333,14464.0
632.1875050564,15140.0
632.1916717230666,15424.0
632.1958383897334,16286.0
632.2000050564,16916.0
632.2041717230667,17314.0
632.2083383897333,17958.0
632.2125050564,18800.0
632.2166717230666,19260.0
632.2208383897333,19532.0
632.2250050563999,19716.0
632.2291717230667,19946.0
632.2333383897333,20368.0
632.2375050564,20880.0
632.2416717230667,21390.0
632.2458383897333,21978.0
632.2500050564,22480.0
632.2541717230666,23154.0
632.2583383897334,23588.0
632.2625050564,24224.0
632.2666717230667,23580.0
632.2708383897333,22560.0
632.2750050564,21472.0
632.2791717230666,20872.0
632.2833383897333,20476.0
632.2875050563999,19804.0
632.2916717230667,18874.0
632.2958383897333,17834.0
632.3000050564,16774.0
632.3041717230667,15868.0
632.3083383897333,15016.0
632.3125050564,14138.0
632.3166717230666,13460.0
632.3208383897334,12660.0
632.3250050564,11964.0
632.3291717230667,10424.0
632.3333383897333,8810.0
632.3375050564,7490.0
632.3416717230666,5592.0
632.3458383897333,4404.0
632.3500050563999,3730.0
632.3541717230667,3372.0
632.3583383897333,3138.0
632.3625050564,3120.0
632.3666717230667,3050.0
632.3708383897333,3020.0
632.3750050564,3008.0
632.3791717230666,3022.0
632.3833383897334,2960.0
632.3875050564,2986.0
632.3916717230667,3010.0
632.3958383897333,2948.0
632.4000050564,2976.0
632.4041717230666,2936.0
632.4083383897333,2980.0
632.4125050563999,2952.0
632.4166717230667,3010.0
632.4208383897333,2976.0
632.4250050564,2980.0
632.4291717230667,2966.0
632.4333383897333,2968.0
632.4375050564,3004.0
632.4416717230666,2952.0
632.4458383897334,2932.0
